# row clues
1
1 3 1
1 1 5 2 1
3 1 3 3
5 3 5
-
1 3 1 3
1 3 3 1
1 1 1 1
1 3 3 1
1 5 5 1
-
1 1 3 1 3 1
1 3 3 1
2 2
2 2 2 2
7 4 3
-
1 14 1
2 12 2
3 3
16
14

# col clues
7
2 6
2 1 2 3
5 2 2 3
4 2 1 3 2
-
1 2 5 4 2
1 4 4 2
2 2 3 2
2 1 2 2
5 2 2
-
4 3 2
2 2 4 2
1 2 1 4 2
1 5 3 2
1 2 4 2 2
-
2 1 2 2 2
5 2 3
4 2 3
2 6
7

# init board

# answer
ｘｘｘｘｘｘｘｘｘ䨻ｘｘｘｘｘｘｘｘｘｘ
ｘｘｘｘｘｘ䨻ｘ䨻䨻䨻ｘ䨻ｘｘｘｘｘｘｘ
ｘｘｘ䨻ｘ䨻ｘ䨻䨻䨻䨻䨻ｘ䨻䨻ｘ䨻ｘｘｘ
ｘｘ䨻䨻䨻ｘｘ䨻ｘ䨻䨻䨻ｘｘｘ䨻䨻䨻ｘｘ
ｘ䨻䨻䨻䨻䨻ｘｘ䨻䨻䨻ｘｘｘ䨻䨻䨻䨻䨻ｘ
ｘ䨻ｘ䨻䨻䨻ｘｘｘｘｘｘｘｘ䨻ｘ䨻䨻䨻ｘ
䨻ｘ䨻䨻䨻ｘｘｘｘｘｘｘｘｘｘ䨻䨻䨻ｘ䨻
䨻ｘｘｘｘ䨻ｘｘｘｘｘｘｘ䨻ｘｘｘｘｘ䨻
䨻ｘｘｘ䨻䨻䨻ｘｘｘｘｘ䨻䨻䨻ｘｘｘｘ䨻
䨻ｘｘ䨻䨻䨻䨻䨻ｘｘｘ䨻䨻䨻䨻䨻ｘｘｘ䨻
䨻ｘｘ䨻ｘ䨻䨻䨻ｘｘｘ䨻ｘ䨻䨻䨻ｘｘｘ䨻
䨻ｘｘｘ䨻䨻䨻ｘｘｘｘｘ䨻䨻䨻ｘｘｘｘ䨻
䨻䨻ｘｘｘｘｘｘｘｘｘｘｘｘｘｘｘｘ䨻䨻
ｘ䨻䨻ｘｘ䨻䨻ｘｘｘｘ䨻䨻ｘｘｘｘ䨻䨻ｘ
ｘ䨻䨻䨻䨻䨻䨻䨻ｘｘ䨻䨻䨻䨻ｘｘ䨻䨻䨻ｘ
ｘ䨻ｘ䨻䨻䨻䨻䨻䨻䨻䨻䨻䨻䨻䨻䨻䨻ｘ䨻ｘ
ｘ䨻䨻ｘ䨻䨻䨻䨻䨻䨻䨻䨻䨻䨻䨻䨻ｘ䨻䨻ｘ
ｘ䨻䨻䨻ｘｘｘｘｘｘｘｘｘｘｘｘ䨻䨻䨻ｘ
ｘｘ䨻䨻䨻䨻䨻䨻䨻䨻䨻䨻䨻䨻䨻䨻䨻䨻ｘｘ
ｘｘｘ䨻䨻䨻䨻䨻䨻䨻䨻䨻䨻䨻䨻䨻䨻ｘｘｘ
