# row clues
8
3 2 3
1 2 2 3 1
4 7 3
2 4 3 1
-
3 2 1 3
1 4 4
2 2 1 1
3 3
2 3
-
6 4 1 1
2 2 10
2 2 13
2 1 13
2 2 6 5
-
2 6 6
11 5
6 6
5 6
1 1 1 1

# col clues
4 3
3 2 5
1 2 1 2 2
2 3 1 1 1 1 1
1 2 2 1 3 1 1
-
1 3 2 1 1
3 2 3 3
1 3 4 5
1 1 7
4 6
-
4 7
1 1 7 1
1 2 7 1
4 5 2
2 1 4 4
-
1 3 10
3 1 8
1 14
3 2 7
11

# init board

# answer
ｘｘｘｘｘｘ䨻䨻䨻䨻䨻䨻䨻䨻ｘｘｘｘｘｘ
ｘｘｘｘ䨻䨻䨻ｘｘ䨻䨻ｘｘ䨻䨻䨻ｘｘｘｘ
ｘｘｘ䨻ｘｘ䨻䨻ｘ䨻䨻ｘ䨻䨻䨻ｘ䨻ｘｘｘ
ｘ䨻䨻䨻䨻ｘｘ䨻䨻䨻䨻䨻䨻䨻ｘ䨻䨻䨻ｘｘ
䨻䨻ｘｘ䨻䨻䨻䨻ｘｘｘｘｘｘ䨻䨻䨻ｘ䨻ｘ
䨻䨻䨻ｘｘ䨻䨻ｘｘｘｘｘｘｘｘ䨻ｘ䨻䨻䨻
䨻ｘ䨻䨻䨻䨻ｘｘｘｘｘｘｘｘｘｘ䨻䨻䨻䨻
䨻䨻ｘ䨻䨻ｘｘｘｘｘｘｘｘｘｘｘｘ䨻ｘ䨻
ｘ䨻䨻䨻ｘｘｘｘｘｘｘｘｘｘｘｘｘ䨻䨻䨻
ｘｘｘｘｘ䨻䨻ｘｘｘｘｘｘｘｘｘｘ䨻䨻䨻
ｘｘ䨻䨻䨻䨻䨻䨻ｘｘｘｘ䨻䨻䨻䨻ｘ䨻ｘ䨻
ｘ䨻䨻ｘｘｘ䨻䨻ｘｘ䨻䨻䨻䨻䨻䨻䨻䨻䨻䨻
䨻䨻ｘ䨻䨻ｘｘ䨻䨻䨻䨻䨻䨻䨻䨻䨻䨻䨻䨻䨻
䨻䨻ｘｘ䨻ｘｘ䨻䨻䨻䨻䨻䨻䨻䨻䨻䨻䨻䨻䨻
䨻䨻ｘ䨻䨻ｘｘｘ䨻䨻䨻䨻䨻䨻ｘ䨻䨻䨻䨻䨻
ｘ䨻䨻ｘｘｘｘ䨻䨻䨻䨻䨻䨻ｘ䨻䨻䨻䨻䨻䨻
ｘｘ䨻䨻䨻䨻䨻䨻䨻䨻䨻䨻䨻ｘ䨻䨻䨻䨻䨻ｘ
ｘｘｘｘｘｘ䨻䨻䨻䨻䨻䨻ｘ䨻䨻䨻䨻䨻䨻ｘ
ｘｘｘｘ䨻䨻䨻䨻䨻ｘｘｘ䨻䨻䨻䨻䨻䨻ｘｘ
ｘｘｘ䨻ｘｘｘ䨻ｘｘｘ䨻ｘｘｘ䨻ｘｘｘｘ
