# row clues
6
1 5
3 4
5 3
3 3 3
-
5 3 3
2 6 3
2 2 3 2
7 3 3
7 4 2
-
3 9 2
3 2 4 2 1
3 2 2 1 3 1
4 3 8
17
-
2 2 6
2 7
9
6
3

# col clues
3
6
9
7 2
10 2
-
9 6
6 2 2 4
1 4 2 2 1 2
1 1 6 2 2
2 2 11
-
2 3 7
3 3 2 3
2 3 7
3 5 3
3 4 3
-
3 7
3 5
4 3
5 1
6

# init board

# answer
******@@@@@@********
******@**@@@@@******
*****@@@***@@@@*****
*****@@@@@***@@@****
*****@@@*@@@**@@@***
****@@@@@*@@@**@@@**
****@@**@@@@@@**@@@*
****@@**@@**@@@**@@*
***@@@@@@@***@@@*@@@
***@@@@@@@**@@@@**@@
***@@@**@@@@@@@@@*@@
**@@@*@@*@@@@**@@**@
**@@@*@@*@@*@**@@@*@
**@@@@**@@@*@@@@@@@@
*@@@@@@@@@@@@@@@@@**
*@@**@@**@@@@@@*****
*@@**@@@@@@@********
@@@@@@@@@***********
@@@@@@**************
@@@*****************
