# row clues
2
2
2
3
6
-
3 3
8
16
15
6 5 2
-
7 7
2 6 2 1
13
1 1
10
-
1 1 1 1
1 1 1 1
1 1 1 1
1 1 1 1
1 1 1 1

# col clues
3
4
4
1 1 3
10
-
2 8
1 7
8 2
4 1 4
6 1 2
-
2 3 4
6 1
3 2 1
6 1
6 1
-
4 1 4
2 3 1 2
5 4
2 2 2
3

# init board

# answer
ｘｘｘｘ䨻䨻ｘｘｘｘｘｘｘｘｘｘｘｘｘｘ
ｘｘｘｘ䨻䨻ｘｘｘｘｘｘｘｘｘｘｘｘｘｘ
ｘｘｘ䨻䨻ｘｘｘｘｘｘｘｘｘｘｘｘｘｘｘ
ｘｘｘｘ䨻䨻䨻ｘｘｘｘｘｘｘｘｘｘｘｘｘ
䨻䨻䨻䨻䨻䨻ｘｘｘｘｘｘｘｘｘｘｘｘｘｘ
䨻䨻䨻ｘ䨻䨻䨻ｘｘｘｘｘｘｘｘｘｘｘｘｘ
䨻䨻䨻䨻䨻䨻䨻䨻ｘｘｘｘｘｘｘｘｘｘｘｘ
ｘ䨻䨻䨻䨻䨻䨻䨻䨻䨻䨻䨻䨻䨻䨻䨻䨻ｘｘｘ
ｘｘｘ䨻䨻䨻䨻䨻䨻䨻䨻䨻䨻䨻䨻䨻䨻䨻ｘｘ
ｘｘｘｘ䨻䨻䨻䨻䨻䨻ｘ䨻䨻䨻䨻䨻ｘ䨻䨻ｘ
ｘｘｘｘｘ䨻䨻䨻䨻䨻䨻䨻ｘ䨻䨻䨻䨻䨻䨻䨻
ｘｘｘｘｘｘ䨻䨻ｘ䨻䨻䨻䨻䨻䨻ｘ䨻䨻ｘ䨻
ｘｘｘｘｘｘｘ䨻䨻䨻䨻䨻䨻䨻䨻䨻䨻䨻䨻䨻
ｘｘｘｘｘｘｘ䨻ｘｘｘｘｘｘｘｘｘｘ䨻ｘ
ｘｘｘｘｘｘｘｘ䨻䨻䨻䨻䨻䨻䨻䨻䨻䨻ｘｘ
ｘｘｘｘｘｘｘｘ䨻ｘ䨻ｘｘｘｘ䨻ｘ䨻ｘｘ
ｘｘｘｘｘｘｘｘ䨻ｘ䨻ｘｘｘｘ䨻ｘ䨻ｘｘ
ｘｘｘｘｘｘｘｘ䨻ｘ䨻ｘｘｘｘ䨻ｘ䨻ｘｘ
ｘｘｘｘｘｘｘ䨻ｘ䨻ｘｘｘｘｘｘ䨻ｘ䨻ｘ
ｘｘｘｘｘｘｘ䨻ｘ䨻ｘｘｘｘｘｘ䨻ｘ䨻ｘ
