# row clues
8 7 5 7
5 4 3 3
3 3 2 3
4 3 2 2
3 3 2 2
-
3 4 2 2
4 5 2
3 5 1
4 3 2
3 4 2
-
4 4 2
3 6 2
3 2 3 1
4 3 4 2
3 2 3 2
-
6 5
4 5
3 3
3 3
1 1

# col clues
1
1
2
4
7
-
9
2 8
1 8
8
1 9
-
2 7
3 4
6 4
8 5
1 11
-
1 7
8
1 4 8
6 8
4 7
-
2 4
1 4
5
1 4
1 5
-
7
5
3
1
1

# init board

# answer
䨻䨻䨻䨻䨻䨻䨻䨻ｘ䨻䨻䨻䨻䨻䨻䨻ｘ䨻䨻䨻䨻䨻ｘ䨻䨻䨻䨻䨻䨻䨻
ｘｘ䨻䨻䨻䨻䨻ｘｘｘ䨻䨻䨻䨻ｘｘｘｘ䨻䨻䨻ｘｘｘｘ䨻䨻䨻ｘｘ
ｘｘｘ䨻䨻䨻ｘｘｘｘｘ䨻䨻䨻ｘｘｘｘ䨻䨻ｘｘｘｘｘ䨻䨻䨻ｘｘ
ｘｘｘ䨻䨻䨻䨻ｘｘｘｘｘ䨻䨻䨻ｘｘｘ䨻䨻ｘｘｘｘｘ䨻䨻ｘｘｘ
ｘｘｘｘ䨻䨻䨻ｘｘｘｘｘ䨻䨻䨻ｘｘ䨻䨻ｘｘｘｘｘｘ䨻䨻ｘｘｘ
ｘｘｘｘ䨻䨻䨻ｘｘｘｘｘ䨻䨻䨻䨻ｘ䨻䨻ｘｘｘｘｘ䨻䨻ｘｘｘｘ
ｘｘｘｘ䨻䨻䨻䨻ｘｘｘｘｘ䨻䨻䨻䨻䨻ｘｘｘｘｘｘ䨻䨻ｘｘｘｘ
ｘｘｘｘｘ䨻䨻䨻ｘｘｘｘｘ䨻䨻䨻䨻䨻ｘｘｘｘｘｘ䨻ｘｘｘｘｘ
ｘｘｘｘｘ䨻䨻䨻䨻ｘｘｘｘｘ䨻䨻䨻ｘｘｘｘｘｘ䨻䨻ｘｘｘｘｘ
ｘｘｘｘｘｘ䨻䨻䨻ｘｘｘｘｘ䨻䨻䨻䨻ｘｘｘｘｘ䨻䨻ｘｘｘｘｘ
ｘｘｘｘｘｘ䨻䨻䨻䨻ｘｘｘｘ䨻䨻䨻䨻ｘｘｘｘ䨻䨻ｘｘｘｘｘｘ
ｘｘｘｘｘｘｘ䨻䨻䨻ｘｘｘ䨻䨻䨻䨻䨻䨻ｘｘｘ䨻䨻ｘｘｘｘｘｘ
ｘｘｘｘｘｘｘ䨻䨻䨻ｘｘｘ䨻䨻ｘ䨻䨻䨻ｘｘｘ䨻ｘｘｘｘｘｘｘ
ｘｘｘｘｘｘｘ䨻䨻䨻䨻ｘ䨻䨻䨻ｘ䨻䨻䨻䨻ｘ䨻䨻ｘｘｘｘｘｘｘ
ｘｘｘｘｘｘｘｘ䨻䨻䨻ｘ䨻䨻ｘｘｘ䨻䨻䨻ｘ䨻䨻ｘｘｘｘｘｘｘ
ｘｘｘｘｘｘｘｘ䨻䨻䨻䨻䨻䨻ｘｘｘ䨻䨻䨻䨻䨻ｘｘｘｘｘｘｘｘ
ｘｘｘｘｘｘｘｘｘ䨻䨻䨻䨻ｘｘｘｘ䨻䨻䨻䨻䨻ｘｘｘｘｘｘｘｘ
ｘｘｘｘｘｘｘｘｘ䨻䨻䨻ｘｘｘｘｘｘ䨻䨻䨻ｘｘｘｘｘｘｘｘｘ
ｘｘｘｘｘｘｘｘｘ䨻䨻䨻ｘｘｘｘｘｘ䨻䨻䨻ｘｘｘｘｘｘｘｘｘ
ｘｘｘｘｘｘｘｘｘｘ䨻ｘｘｘｘｘｘｘｘ䨻ｘｘｘｘｘｘｘｘｘｘ
