# row clues
3 3 1
3 3 2
3 2 2 3
6 2 3
9 3
-
6 3 5
5 10
3 11
2 5 5
3 3 3 6
-
5 2 2 1 2 3
8 2 2 3
4 2 3 5
5 2 2 6
2 4 2 1 9
-
3 5 4 8
1 2 4 2 5
2 2 2 3 2
2 2 2 2
2 4 3
-
1 2 2 2 2
2 3 1 2 4
2 2 5 6
2 2 3 8
1 2 10

# col clues
2 2
2 2
3 3 2 1
1 2 2 5 2
2 7 2 2
-
3 3 2 3
3 2 5 2 2
6 7 2 2
9 5 2 2
8 2 4 5
-
5 2 2 2 2 2
3 2 2 2 2 2
1 4 2 2 1 2
7 2 3 2
9 6 1
-
9 2 1 2 1
2 2 2 3 3 1
1 5 7 2
12 2
12 3
-
7 5 3
7 3 4
3 2 4
3 2 5
3 2 5

# init board

# answer
ｘｘｘ䨻䨻䨻ｘｘｘｘｘｘｘｘｘ䨻䨻䨻ｘｘｘｘｘｘ䨻
ｘｘｘｘ䨻䨻䨻ｘｘｘｘｘｘｘ䨻䨻䨻ｘｘｘｘｘｘ䨻䨻
ｘｘｘｘｘ䨻䨻䨻ｘ䨻䨻ｘｘｘ䨻䨻ｘｘｘｘｘｘ䨻䨻䨻
ｘｘｘｘｘｘ䨻䨻䨻䨻䨻䨻ｘｘ䨻䨻ｘｘｘｘｘ䨻䨻䨻ｘ
ｘｘｘｘｘｘｘ䨻䨻䨻䨻䨻䨻䨻䨻䨻ｘｘｘｘ䨻䨻䨻ｘｘ
ｘｘｘｘｘｘ䨻䨻䨻䨻䨻䨻ｘ䨻䨻䨻ｘ䨻䨻䨻䨻䨻ｘｘｘ
ｘｘｘｘｘｘ䨻䨻䨻䨻䨻ｘ䨻䨻䨻䨻䨻䨻䨻䨻䨻䨻ｘｘｘ
ｘｘｘｘｘｘｘ䨻䨻䨻ｘ䨻䨻䨻䨻䨻䨻䨻䨻䨻䨻䨻ｘｘｘ
ｘｘｘｘｘｘｘｘ䨻䨻ｘ䨻䨻䨻䨻䨻ｘ䨻䨻䨻䨻䨻ｘｘｘ
䨻䨻䨻ｘｘｘｘｘ䨻䨻䨻ｘ䨻䨻䨻ｘ䨻䨻䨻䨻䨻䨻ｘｘｘ
䨻䨻䨻䨻䨻ｘｘ䨻䨻ｘ䨻䨻ｘ䨻ｘ䨻䨻ｘ䨻䨻䨻ｘｘｘｘ
ｘｘ䨻䨻䨻䨻䨻䨻䨻䨻ｘ䨻䨻ｘ䨻䨻ｘ䨻䨻䨻ｘｘｘｘｘ
ｘｘｘｘ䨻䨻䨻䨻ｘ䨻䨻ｘ䨻䨻䨻ｘ䨻䨻䨻䨻䨻ｘｘｘｘ
ｘｘｘｘ䨻䨻䨻䨻䨻ｘ䨻䨻ｘ䨻䨻ｘ䨻䨻䨻䨻䨻䨻ｘｘｘ
ｘｘｘ䨻䨻ｘ䨻䨻䨻䨻ｘ䨻䨻ｘ䨻ｘ䨻䨻䨻䨻䨻䨻䨻䨻䨻
ｘｘ䨻䨻䨻ｘ䨻䨻䨻䨻䨻ｘ䨻䨻䨻䨻ｘ䨻䨻䨻䨻䨻䨻䨻䨻
ｘｘ䨻ｘ䨻䨻ｘ䨻䨻䨻䨻ｘｘ䨻䨻ｘ䨻䨻䨻䨻䨻ｘｘｘｘ
ｘｘ䨻䨻ｘ䨻䨻ｘ䨻䨻ｘ䨻䨻䨻ｘｘ䨻䨻ｘｘｘｘｘｘｘ
ｘｘｘ䨻䨻ｘ䨻䨻ｘｘ䨻䨻ｘｘｘ䨻䨻ｘｘｘｘｘｘｘｘ
ｘｘｘ䨻䨻ｘｘ䨻䨻䨻䨻ｘｘ䨻䨻䨻ｘｘｘｘｘｘｘｘｘ
ｘｘｘ䨻ｘ䨻䨻ｘ䨻䨻ｘｘ䨻䨻ｘｘｘｘｘｘｘｘｘ䨻䨻
ｘｘ䨻䨻ｘ䨻䨻䨻ｘ䨻ｘ䨻䨻ｘｘｘｘｘｘｘｘ䨻䨻䨻䨻
ｘ䨻䨻ｘ䨻䨻ｘ䨻䨻䨻䨻䨻ｘｘｘｘｘｘｘ䨻䨻䨻䨻䨻䨻
䨻䨻ｘ䨻䨻ｘｘｘ䨻䨻䨻ｘｘｘｘｘｘ䨻䨻䨻䨻䨻䨻䨻䨻
䨻ｘ䨻䨻ｘｘｘｘｘｘｘｘｘｘｘ䨻䨻䨻䨻䨻䨻䨻䨻䨻䨻
