# row clues
3 3
1 3 3 1
2 5 2
4 1 1 4 2
1 1 1 1 1 1 1 1
-
2 9 2 1 1
1 3 3 1 2 1
1 1 1 1 1 1 1 1 1 1 1
1 13 1 1 1 1
1 4 4 1 1 1 1
-
1 9 3 1 1 1
2 6 1 1
14 2 1 1
1 12 2 3
1 2 3 2 2 1
-
1 1 3 1 2
1 3 2 1
1 2 2
1 2 2 1
1 4 1
-
1 1 2 1
1 2 4 1
1 1 1 1
1 1 1 1 1 1 1 1
7 11

# col clues
3 4
1 2 1 1 3 2
1 3 3 2 2 1 1
1 1 1 2 3 4 2
1 1 2 3 3 1
-
1 7 3 2
2 1 1 1 2 1
1 2 2 1 3 4
1 1 1 1 4 4
1 2 2 1 3 2
-
2 1 1 1 2 2
1 7 3 7
1 1 2 3 3 2 1 1
1 1 1 2 3 2 1 2
1 3 3 3 1 1 1
-
1 2 1 3 2 2
3 6 1 1
2 1 1
2 1
6 2 1
-
1 1 2 1
1 4 3 1
4 3 2 2
3 1 1 5
7

# init board

# answer
䨻䨻䨻ｘｘｘｘｘｘｘｘｘｘｘ䨻䨻䨻ｘｘｘｘｘｘｘｘ
䨻ｘｘ䨻䨻䨻ｘｘｘｘｘ䨻䨻䨻ｘｘ䨻ｘｘｘｘｘｘｘｘ
䨻䨻ｘｘｘｘ䨻䨻䨻䨻䨻ｘｘｘｘ䨻䨻ｘｘｘｘｘｘｘｘ
ｘ䨻䨻䨻䨻ｘ䨻ｘｘｘ䨻ｘ䨻䨻䨻䨻ｘｘｘｘｘ䨻䨻ｘｘ
ｘｘ䨻ｘｘ䨻ｘ䨻ｘ䨻ｘ䨻ｘｘ䨻ｘｘｘｘｘ䨻ｘ䨻ｘｘ
ｘ䨻䨻ｘ䨻䨻䨻䨻䨻䨻䨻䨻䨻ｘ䨻䨻ｘｘｘ䨻ｘｘ䨻ｘｘ
䨻ｘｘ䨻䨻䨻ｘｘｘｘｘ䨻䨻䨻ｘｘ䨻ｘｘ䨻䨻ｘ䨻ｘｘ
䨻ｘ䨻ｘｘ䨻ｘ䨻ｘ䨻ｘ䨻ｘｘ䨻ｘ䨻ｘｘ䨻ｘ䨻ｘ䨻ｘ
䨻ｘ䨻䨻䨻䨻䨻䨻䨻䨻䨻䨻䨻䨻䨻ｘ䨻ｘｘ䨻ｘ䨻ｘ䨻ｘ
䨻ｘ䨻䨻䨻䨻ｘｘｘｘｘ䨻䨻䨻䨻ｘ䨻ｘｘ䨻ｘ䨻ｘ䨻ｘ
ｘ䨻ｘｘ䨻䨻䨻䨻䨻䨻䨻䨻䨻ｘｘ䨻䨻䨻ｘ䨻ｘ䨻ｘｘ䨻
ｘｘ䨻䨻ｘｘｘｘｘｘｘｘｘ䨻䨻䨻䨻䨻䨻ｘｘｘ䨻ｘ䨻
ｘｘ䨻䨻䨻䨻䨻䨻䨻䨻䨻䨻䨻䨻䨻䨻ｘｘ䨻䨻ｘｘ䨻ｘ䨻
ｘ䨻ｘ䨻䨻䨻䨻䨻䨻䨻䨻䨻䨻䨻䨻ｘｘｘｘ䨻䨻ｘ䨻䨻䨻
ｘ䨻ｘｘ䨻䨻ｘ䨻䨻䨻ｘ䨻䨻ｘｘｘｘｘｘｘ䨻䨻ｘｘ䨻
ｘ䨻ｘｘｘｘｘｘ䨻ｘｘｘｘｘｘ䨻䨻䨻ｘｘｘ䨻ｘ䨻䨻
ｘｘ䨻ｘｘｘｘｘｘｘｘｘｘ䨻䨻䨻ｘｘｘｘｘ䨻䨻ｘ䨻
ｘｘ䨻ｘｘｘｘｘｘｘｘｘ䨻䨻ｘｘｘｘｘｘｘｘ䨻䨻ｘ
ｘｘｘ䨻ｘｘｘｘ䨻䨻ｘ䨻䨻ｘｘｘｘｘｘｘｘｘｘ䨻ｘ
ｘｘｘ䨻ｘｘｘｘ䨻䨻䨻䨻ｘｘｘｘｘｘｘｘｘｘｘ䨻ｘ
ｘｘｘ䨻ｘｘｘｘ䨻ｘ䨻䨻ｘｘｘｘｘｘｘｘｘｘｘ䨻ｘ
ｘｘｘ䨻ｘｘｘ䨻䨻ｘｘ䨻䨻䨻䨻ｘｘｘｘｘｘｘｘ䨻ｘ
ｘｘ䨻ｘｘｘｘ䨻ｘｘｘ䨻ｘｘｘｘｘｘｘｘｘｘ䨻ｘｘ
ｘ䨻ｘ䨻ｘ䨻ｘ䨻ｘｘｘ䨻ｘ䨻ｘ䨻ｘｘｘｘｘｘ䨻ｘｘ
ｘ䨻䨻䨻䨻䨻䨻䨻ｘｘｘ䨻䨻䨻䨻䨻䨻䨻䨻䨻䨻䨻ｘｘｘ
