# row clues
6 2 2 6
1 1 2 2 2 1 1
3 2 1 2 3
2 1 2 1 1 1 2
2 1 1 1 1 2 2
-
2 2 1 1 1 2 2
2 3 1 1 1 1 1 3 1
1 2 1 1 1 2 1
1 7 1 7
3 11 3
-
1 5 5 1
1 2 7 2 1
1 1 1 1 1 1 1 1
1 2 2 2 2 2 2 1
2 1 7 1 2
-
1 1 7 1 1
1 2 1 1 5 1 1 2 1
3 2 1 1 1 1 1 2 3
2 1 2 2 1 2
1 2 11 2 1
-
1 1 2 7 2 1 1
1 1 1 1
1 2 2 1
2 4 4 2
10 1 1 10

# col clues
2 5 9
1 5 2 2 2
1 2 2 2 1
3 1 3 3 1
1 1 3 2 2 2
-
1 1 6 3 3
1 1 1 2 3 5
1 2 4 2 3 2
2 4 2 4 1
2 2 1 2 2 1
-
1 5 1 7 2
2 1 1 4 2 1
9 1 4 2
1 1 1 4 2 1
1 6 1 7 2
-
2 2 1 2 2 1
1 1 4 2 4 1
3 4 2 3 2
1 1 2 3 5
1 1 6 3 3
-
1 1 3 2 2 2
3 1 3 3 1
1 2 2 2 1
1 4 2 2 2
2 4 9

# init board

# answer
䨻䨻䨻䨻䨻䨻ｘｘｘｘ䨻䨻ｘ䨻䨻ｘｘｘｘ䨻䨻䨻䨻䨻䨻
䨻ｘｘ䨻ｘｘｘ䨻䨻ｘｘ䨻䨻ｘｘ䨻䨻ｘｘｘｘ䨻ｘｘ䨻
ｘ䨻䨻䨻ｘｘｘｘ䨻䨻ｘｘ䨻ｘ䨻䨻ｘｘｘｘｘ䨻䨻䨻ｘ
ｘ䨻䨻ｘｘｘ䨻ｘｘ䨻䨻ｘ䨻ｘ䨻ｘｘ䨻ｘｘｘｘ䨻䨻ｘ
䨻䨻ｘｘｘｘｘ䨻ｘｘ䨻ｘ䨻ｘ䨻ｘ䨻䨻ｘｘｘｘｘ䨻䨻
䨻䨻ｘｘｘｘ䨻䨻ｘｘ䨻ｘ䨻ｘ䨻ｘｘ䨻䨻ｘｘｘｘ䨻䨻
䨻䨻ｘ䨻䨻䨻ｘｘ䨻ｘ䨻ｘ䨻ｘ䨻ｘ䨻ｘｘ䨻䨻䨻ｘｘ䨻
䨻ｘｘｘｘｘｘ䨻䨻ｘ䨻ｘ䨻ｘ䨻ｘ䨻䨻ｘｘｘｘｘｘ䨻
䨻ｘｘ䨻䨻䨻䨻䨻䨻䨻ｘｘ䨻ｘｘ䨻䨻䨻䨻䨻䨻䨻ｘｘｘ
ｘｘｘ䨻䨻䨻ｘ䨻䨻䨻䨻䨻䨻䨻䨻䨻䨻䨻ｘ䨻䨻䨻ｘｘｘ
ｘ䨻ｘ䨻䨻䨻䨻䨻ｘｘｘｘｘｘｘｘｘ䨻䨻䨻䨻䨻ｘ䨻ｘ
ｘ䨻ｘｘｘ䨻䨻ｘｘ䨻䨻䨻䨻䨻䨻䨻ｘｘ䨻䨻ｘｘｘ䨻ｘ
ｘｘ䨻ｘｘ䨻ｘｘ䨻ｘ䨻ｘｘｘ䨻ｘ䨻ｘｘ䨻ｘｘ䨻ｘｘ
ｘｘ䨻ｘ䨻䨻ｘ䨻䨻ｘ䨻䨻ｘ䨻䨻ｘ䨻䨻ｘ䨻䨻ｘ䨻ｘｘ
ｘｘｘ䨻䨻ｘｘ䨻ｘ䨻䨻䨻䨻䨻䨻䨻ｘ䨻ｘｘ䨻䨻ｘｘｘ
ｘｘｘ䨻ｘｘ䨻ｘｘ䨻䨻䨻䨻䨻䨻䨻ｘｘ䨻ｘｘ䨻ｘｘｘ
䨻ｘ䨻䨻ｘｘ䨻ｘ䨻ｘ䨻䨻䨻䨻䨻ｘ䨻ｘ䨻ｘｘ䨻䨻ｘ䨻
䨻䨻䨻ｘｘ䨻䨻ｘ䨻ｘ䨻ｘ䨻ｘ䨻ｘ䨻ｘ䨻䨻ｘｘ䨻䨻䨻
䨻䨻ｘｘｘ䨻ｘ䨻䨻ｘｘｘｘｘｘｘ䨻䨻ｘ䨻ｘｘｘ䨻䨻
䨻ｘｘｘ䨻䨻ｘ䨻䨻䨻䨻䨻䨻䨻䨻䨻䨻䨻ｘ䨻䨻ｘｘｘ䨻
䨻ｘｘｘ䨻ｘ䨻䨻ｘ䨻䨻䨻䨻䨻䨻䨻ｘ䨻䨻ｘ䨻ｘｘｘ䨻
䨻ｘｘｘｘｘ䨻ｘｘｘｘｘｘｘｘｘｘｘ䨻ｘｘｘｘｘ䨻
䨻ｘｘｘｘ䨻䨻ｘｘｘｘｘｘｘｘｘｘｘ䨻䨻ｘｘｘｘ䨻
䨻䨻ｘｘ䨻䨻䨻䨻ｘｘｘｘｘｘｘｘｘ䨻䨻䨻䨻ｘｘ䨻䨻
䨻䨻䨻䨻䨻䨻䨻䨻䨻䨻ｘ䨻ｘ䨻ｘ䨻䨻䨻䨻䨻䨻䨻䨻䨻䨻
