# row clues
5 2 5
8 1 6
7 1 3 3
3 1 1 2
1 1 1 2 2 1 1
-
1 1 1 1 2
1 2 1 1 2
1 5 3 5
1 5 3 1 2 1
7 5 1
-
7 1 1 2
1 5 10 1 2
7 1 8 1
1 14 1 2
1 3 1
-
5 4 5 2
18 1
1 4 4 1 3
1 1
2 3 3 5
-
1 1 2 2 1 1 1
2 14 5
2 12 2 1 1
5 8 7
1 1 1 2 1 1 1

# col clues
1 3 3 1
3 2 3 1 4
7 2 1 2 1 2
4 7 3 1 2
3 7 2 2 1 1
-
3 1 7 2 1 2 1
3 7 3 3
2 1 8 2 4
1 3 2 1 2 3
3 1 1 1 3 3
-
1 1 1 2 3
2 3 2 3
1 3 1 3 3
2 3 1 1 2 3
4 1 5 2 4
-
3 1 1 3 3 3
3 1 3 3 2 1 2 1
2 2 3 2 2 1 1
3 2 3 3 1 1
4 6 1 3 1 3
-
4 4 1 1 3
1 2 1 3 2
1 1 1 1 1 3
1 2 1 3 2
1 1 1 3

# init board

# answer
ｘｘ䨻䨻䨻䨻䨻ｘ䨻䨻ｘｘｘｘｘ䨻䨻䨻䨻䨻ｘｘｘｘｘ
䨻䨻䨻䨻䨻䨻䨻䨻ｘ䨻ｘｘｘｘ䨻䨻䨻䨻䨻䨻ｘｘｘｘｘ
ｘ䨻䨻䨻䨻䨻䨻䨻ｘ䨻ｘｘｘｘ䨻䨻䨻ｘ䨻䨻䨻ｘｘｘｘ
ｘ䨻䨻䨻ｘｘｘｘ䨻ｘｘｘｘｘ䨻ｘｘｘｘ䨻䨻ｘｘｘｘ
䨻ｘ䨻ｘｘ䨻ｘ䨻䨻ｘｘｘｘ䨻䨻ｘ䨻ｘｘｘ䨻ｘｘｘｘ
䨻ｘ䨻ｘｘｘｘｘ䨻ｘｘｘｘ䨻ｘｘｘｘｘ䨻䨻ｘｘｘｘ
䨻ｘ䨻䨻ｘｘｘ䨻ｘｘｘｘｘｘ䨻ｘｘｘ䨻䨻ｘｘｘｘｘ
ｘ䨻ｘ䨻䨻䨻䨻䨻ｘｘｘ䨻䨻䨻ｘ䨻䨻䨻䨻䨻ｘｘｘｘｘ
ｘ䨻ｘ䨻䨻䨻䨻䨻ｘ䨻䨻䨻ｘ䨻ｘｘ䨻䨻ｘ䨻ｘｘｘｘｘ
ｘｘ䨻䨻䨻䨻䨻䨻䨻ｘｘｘ䨻䨻䨻䨻䨻ｘｘ䨻ｘｘｘｘｘ
ｘｘ䨻䨻䨻䨻䨻䨻䨻ｘｘｘ䨻ｘ䨻ｘｘｘ䨻䨻ｘｘｘｘｘ
ｘ䨻ｘ䨻䨻䨻䨻䨻ｘ䨻䨻䨻䨻䨻䨻䨻䨻䨻䨻ｘ䨻ｘ䨻䨻ｘ
ｘ䨻䨻䨻䨻䨻䨻䨻ｘｘｘ䨻ｘｘ䨻䨻䨻䨻䨻䨻䨻䨻ｘｘ䨻
ｘ䨻ｘｘ䨻䨻䨻䨻䨻䨻䨻䨻䨻䨻䨻䨻䨻䨻ｘｘ䨻ｘ䨻䨻ｘ
ｘｘ䨻ｘｘｘｘｘｘｘｘｘｘｘｘｘｘｘｘ䨻䨻䨻ｘ䨻ｘ
ｘｘ䨻䨻䨻䨻䨻ｘｘ䨻䨻䨻䨻ｘｘ䨻䨻䨻䨻䨻ｘ䨻䨻ｘｘ
ｘｘｘ䨻䨻䨻䨻䨻䨻䨻䨻䨻䨻䨻䨻䨻䨻䨻䨻䨻䨻ｘｘｘ䨻
ｘｘｘ䨻ｘｘ䨻䨻䨻䨻ｘｘ䨻䨻䨻䨻ｘｘ䨻ｘｘ䨻䨻䨻ｘ
ｘｘｘｘ䨻ｘｘｘｘｘｘｘｘｘｘｘｘ䨻ｘｘｘｘｘｘｘ
䨻䨻ｘ䨻䨻䨻ｘｘｘｘｘｘｘｘｘｘ䨻䨻䨻ｘ䨻䨻䨻䨻䨻
䨻ｘ䨻ｘｘｘ䨻䨻ｘｘｘｘｘｘ䨻䨻ｘｘｘ䨻ｘ䨻ｘ䨻ｘ
䨻䨻ｘｘ䨻䨻䨻䨻䨻䨻䨻䨻䨻䨻䨻䨻䨻䨻ｘｘ䨻䨻䨻䨻䨻
ｘ䨻䨻ｘｘ䨻䨻䨻䨻䨻䨻䨻䨻䨻䨻䨻䨻ｘｘ䨻䨻ｘ䨻ｘ䨻
䨻䨻䨻䨻䨻ｘｘ䨻䨻䨻䨻䨻䨻䨻䨻ｘｘｘ䨻䨻䨻䨻䨻䨻䨻
ｘ䨻ｘ䨻ｘ䨻ｘｘｘｘｘｘｘｘｘｘ䨻䨻ｘ䨻ｘ䨻ｘ䨻ｘ
