# row clues
7
4 3
1 1 1 1
1 1 2 2 2
4 2 1 1 2 1
-
1 1 2 1 1 1 1
1 13
5 6 1
11
3 1 5
-
2 1 1 2
4 1 1 2
1 2 1 1 4
2 2 3 3 2 1
3 2 1 1 1 2
-
6 2 3 1 4 1
2 2 3 1 1 2 4
1 1 4 1 1 2 2
1 2 1 1 1 1 1
1 1 4 1 1 3 2 1
-
2 1 3 11 3 2
8 9 4
1 9 1
2 9 1
1 1 1 1
-
8 1 1 9 1 1 3
30
30
30
30

# col clues
5 5
2 2 5
1 1 5
1 1 2 5
1 1 1 5
-
2 1 5
4 2 5
2 2 5 7
1 1 5 7 4
2 1 2 3 1 5
-
1 1 3 1 1 4
3 1 1 2 2 1 5
1 5 2 1 1 4
1 1 1 1 5 10
1 3 1 1 6 5
-
2 2 3 1 4 5
4 8 4 5
1 1 3 1 4 5
1 4 10 5
1 1 3 1 4 5
-
4 3 3 4 5
2 2 1 3 1 11
1 3 2 2 3 4
2 2 1 3 1 5
4 1 4 1 4
-
2 2 1 2 5
3 1 5 4
2 1 2 1 6
3 2 2 5
7 5

# init board

# answer
ｘｘｘｘｘｘｘｘｘｘｘｘｘｘｘ䨻䨻䨻䨻䨻䨻䨻ｘｘｘｘｘｘｘｘ
ｘｘｘｘｘｘｘｘｘｘｘｘｘ䨻䨻䨻䨻ｘｘｘ䨻䨻䨻ｘｘｘｘｘｘｘ
ｘｘｘｘｘｘｘｘｘｘｘｘ䨻ｘｘｘ䨻ｘｘｘ䨻ｘｘ䨻ｘｘｘｘｘｘ
ｘｘｘｘｘｘｘｘｘｘｘ䨻ｘ䨻ｘ䨻䨻ｘｘｘ䨻䨻ｘ䨻䨻ｘｘｘｘｘ
ｘｘｘｘｘｘｘｘ䨻䨻䨻䨻ｘｘ䨻䨻ｘ䨻ｘ䨻ｘ䨻䨻ｘ䨻ｘｘｘｘｘ
ｘｘｘｘｘｘｘ䨻ｘ䨻ｘ䨻䨻ｘ䨻ｘｘｘ䨻ｘｘｘ䨻ｘ䨻ｘｘｘｘｘ
ｘｘｘｘｘｘｘ䨻ｘｘｘｘ䨻䨻䨻䨻䨻䨻䨻䨻䨻䨻䨻䨻䨻ｘｘｘｘｘ
ｘｘｘｘｘｘｘｘ䨻䨻䨻䨻䨻ｘｘ䨻䨻䨻䨻䨻䨻ｘｘ䨻ｘｘｘｘｘｘ
ｘｘｘｘｘｘｘｘｘｘｘｘ䨻䨻䨻䨻䨻䨻䨻䨻䨻䨻䨻ｘｘｘｘｘｘｘ
ｘｘｘｘｘｘｘｘｘｘ䨻䨻䨻ｘｘｘ䨻ｘｘｘｘ䨻䨻䨻䨻䨻ｘｘｘｘ
ｘｘｘｘｘｘｘｘｘ䨻䨻ｘｘｘｘｘ䨻ｘｘｘｘ䨻ｘｘｘ䨻䨻ｘｘｘ
ｘｘｘｘｘｘｘｘ䨻䨻䨻䨻ｘｘｘｘ䨻ｘｘｘ䨻ｘｘｘｘｘ䨻䨻ｘｘ
ｘｘｘｘｘｘｘｘ䨻ｘｘ䨻䨻ｘｘｘ䨻ｘｘｘ䨻ｘｘｘｘ䨻䨻䨻䨻ｘ
ｘｘｘｘｘｘｘ䨻䨻ｘｘｘ䨻䨻ｘ䨻䨻䨻ｘ䨻䨻䨻ｘｘ䨻䨻ｘｘ䨻ｘ
ｘｘｘｘｘｘ䨻䨻䨻ｘｘｘｘ䨻䨻ｘｘｘ䨻ｘｘｘ䨻ｘ䨻ｘｘｘ䨻䨻
ｘ䨻䨻䨻䨻䨻䨻ｘ䨻䨻ｘ䨻䨻䨻ｘｘｘｘ䨻ｘｘｘ䨻䨻䨻䨻ｘｘｘ䨻
䨻䨻ｘｘｘ䨻䨻ｘｘ䨻䨻䨻ｘ䨻ｘｘｘｘ䨻ｘｘｘｘ䨻䨻ｘ䨻䨻䨻䨻
䨻ｘｘ䨻ｘｘ䨻䨻䨻䨻ｘｘｘ䨻ｘｘｘｘ䨻ｘｘｘ䨻䨻ｘｘｘｘ䨻䨻
䨻ｘｘｘｘｘｘ䨻䨻ｘｘｘｘｘ䨻ｘｘｘ䨻ｘｘｘ䨻ｘｘｘｘ䨻ｘ䨻
䨻ｘｘｘ䨻ｘｘ䨻䨻䨻䨻ｘｘｘ䨻ｘｘｘ䨻ｘｘ䨻䨻䨻ｘｘ䨻䨻ｘ䨻
䨻䨻ｘ䨻ｘｘ䨻䨻䨻ｘｘ䨻䨻䨻䨻䨻䨻䨻䨻䨻䨻䨻ｘｘ䨻䨻䨻ｘ䨻䨻
ｘ䨻䨻䨻䨻䨻䨻䨻䨻ｘｘｘｘ䨻䨻䨻䨻䨻䨻䨻䨻䨻ｘｘｘ䨻䨻䨻䨻ｘ
ｘｘｘｘｘｘｘｘ䨻ｘｘｘｘ䨻䨻䨻䨻䨻䨻䨻䨻䨻ｘｘｘｘ䨻ｘｘｘ
ｘｘｘｘｘｘｘ䨻䨻ｘｘｘｘ䨻䨻䨻䨻䨻䨻䨻䨻䨻ｘｘｘｘ䨻ｘｘｘ
ｘｘｘｘｘｘｘ䨻ｘｘｘｘｘ䨻ｘｘｘｘｘｘｘ䨻ｘｘｘｘｘ䨻ｘｘ
䨻䨻䨻䨻䨻䨻䨻䨻ｘ䨻ｘ䨻ｘ䨻䨻䨻䨻䨻䨻䨻䨻䨻ｘ䨻ｘ䨻ｘ䨻䨻䨻
䨻䨻䨻䨻䨻䨻䨻䨻䨻䨻䨻䨻䨻䨻䨻䨻䨻䨻䨻䨻䨻䨻䨻䨻䨻䨻䨻䨻䨻䨻
䨻䨻䨻䨻䨻䨻䨻䨻䨻䨻䨻䨻䨻䨻䨻䨻䨻䨻䨻䨻䨻䨻䨻䨻䨻䨻䨻䨻䨻䨻
䨻䨻䨻䨻䨻䨻䨻䨻䨻䨻䨻䨻䨻䨻䨻䨻䨻䨻䨻䨻䨻䨻䨻䨻䨻䨻䨻䨻䨻䨻
䨻䨻䨻䨻䨻䨻䨻䨻䨻䨻䨻䨻䨻䨻䨻䨻䨻䨻䨻䨻䨻䨻䨻䨻䨻䨻䨻䨻䨻䨻
