# row clues
1 1 1
3 1 2 2
1 1 1 2 3
1 1 2 3
1 1 2
-
1 1 2 2
1 1 3 3 3
1 3 3 4
3 8
2 13
-
16
2 15
11
2 5 2
2 1
-
3 2 3 2 2
1 2 2 3 2 3
3 3 6 3
1 2 4 3 2 4
6 3 4
-
2 4 1 2 3 1
3 1 4 3 3 1
7 2 3 5
10 3 5 2
7 3 2 1 2

# col clues
3 1
1 3 2 2
1 1 1 1 1 8
1 2 1 2 2 4
3 2 2 2 6
-
1 2 1 4 1 2 3
1 1 2 4 1 2 5
1 4 1 1 1 2
5 1 3
6 1 2 1 1
-
7 1 1 3
7 4 1
2 4 1 2
1 4 3 1 3
1 2 5 4 1 2
-
1 1 5 4 2 1
4 1 1 1 2
1 5 3 1 1
1 1 6 1 1 1 3
1 6 1 3
-
4 2 1 5
3 2 1 1 5 1
3 2 1 5 1 1
2 2 5 1 1
2 5 1 1

# init board

# answer
ｘｘ䨻ｘ䨻ｘ䨻ｘｘｘｘｘｘｘｘｘｘｘｘｘｘｘｘｘｘ
ｘｘｘ䨻䨻䨻ｘ䨻ｘｘｘｘｘｘｘｘｘｘ䨻䨻ｘｘ䨻䨻ｘ
ｘｘ䨻ｘ䨻ｘ䨻ｘｘｘｘｘｘｘ䨻䨻ｘｘｘｘｘ䨻䨻䨻ｘ
ｘｘｘ䨻ｘ䨻ｘｘｘｘｘｘｘｘｘｘｘ䨻䨻ｘ䨻䨻䨻ｘｘ
ｘｘｘ䨻ｘ䨻ｘｘｘｘｘｘｘｘｘｘｘｘｘｘ䨻䨻ｘｘｘ
ｘｘｘｘ䨻ｘ䨻ｘｘｘｘｘｘｘ䨻䨻ｘｘｘ䨻䨻ｘｘｘｘ
ｘｘｘｘ䨻ｘ䨻ｘｘｘｘｘ䨻䨻䨻ｘｘｘ䨻䨻䨻ｘ䨻䨻䨻
ｘｘｘｘｘ䨻ｘｘｘｘ䨻䨻䨻ｘｘｘｘ䨻䨻䨻ｘ䨻䨻䨻䨻
ｘｘｘｘｘｘｘｘｘ䨻䨻䨻ｘｘ䨻䨻䨻䨻䨻䨻䨻䨻ｘｘｘ
ｘｘｘｘｘ䨻䨻ｘ䨻䨻䨻䨻䨻䨻䨻䨻䨻䨻䨻䨻䨻ｘｘｘｘ
ｘｘｘｘ䨻䨻䨻䨻䨻䨻䨻䨻䨻䨻䨻䨻䨻䨻䨻䨻ｘｘｘｘｘ
ｘ䨻䨻ｘ䨻䨻䨻䨻䨻䨻䨻䨻䨻䨻䨻䨻䨻䨻䨻ｘｘｘｘｘｘ
ｘｘｘｘｘ䨻䨻䨻䨻䨻䨻䨻䨻䨻䨻䨻ｘｘｘｘｘｘｘｘｘ
ｘｘ䨻䨻ｘｘｘ䨻䨻䨻䨻䨻ｘｘｘｘｘｘｘｘｘ䨻䨻ｘｘ
ｘｘｘｘｘｘｘｘｘｘｘｘｘｘｘｘｘｘ䨻䨻ｘｘｘｘ䨻
ｘ䨻䨻䨻ｘｘ䨻䨻ｘｘｘｘｘｘ䨻䨻䨻ｘｘｘ䨻䨻ｘ䨻䨻
ｘ䨻ｘ䨻䨻ｘｘｘｘ䨻䨻ｘｘ䨻䨻䨻ｘ䨻䨻ｘｘｘ䨻䨻䨻
䨻䨻䨻ｘ䨻䨻䨻ｘｘｘｘｘ䨻䨻䨻䨻䨻䨻ｘｘｘｘ䨻䨻䨻
䨻ｘ䨻䨻ｘｘ䨻䨻䨻䨻ｘｘｘ䨻䨻䨻ｘ䨻䨻ｘｘ䨻䨻䨻䨻
䨻䨻䨻䨻䨻䨻ｘｘｘ䨻䨻䨻ｘｘｘｘｘｘｘｘ䨻䨻䨻䨻ｘ
ｘ䨻䨻ｘ䨻䨻䨻䨻ｘｘｘ䨻ｘ䨻䨻ｘｘｘｘｘ䨻䨻䨻ｘ䨻
ｘｘ䨻䨻䨻ｘ䨻ｘ䨻䨻䨻䨻ｘｘｘ䨻䨻䨻ｘ䨻䨻䨻ｘ䨻ｘ
ｘｘ䨻䨻䨻䨻䨻䨻䨻ｘ䨻䨻ｘ䨻䨻䨻ｘｘ䨻䨻䨻䨻䨻ｘｘ
ｘ䨻䨻䨻䨻䨻䨻䨻䨻䨻䨻ｘ䨻䨻䨻ｘ䨻䨻䨻䨻䨻ｘｘ䨻䨻
䨻䨻䨻䨻䨻䨻䨻ｘｘｘｘ䨻䨻䨻ｘ䨻䨻ｘ䨻ｘｘ䨻䨻ｘｘ
