# row clues
6
2 1
7 2
6 1
2
-
9 1 1
8 3 6
1 8
2 2 1
4 1 9
-
7 8 2 1
14 10
8 9
8 1 3 1
8 2 1 2 1
-
7 2 3 3 2
3 2 10 8
2 4 2 8
4 13
3 13
-
4 14
2 3 15
3 5 12
2 1 11 2
4 10 4
-
2 2 10 4
4 1 9 4
6 8 4
8 8 3
10 6

# col clues
1 5 1 5
1 6 2 5
1 8 1 4
1 1 8 1 1 4
1 2 8 2 2 3
-
1 2 7 1 1 3
2 2 7 2 2 2
2 2 5 2 1 2 2
2 1 1 1 1 1 1
1 1 1 1 2 2 1
-
1 1 1 2 2 2
1 1 1 1 2 2
1 1 1 1 1 1
2 1 1 1
1 3 1
-
1 2 1 3
1 1 7
1 1 10
1 14
5 14
-
3 1 3 2 11
3 1 1 3 12
2 1 1 1 19
2 24
1 7 15
-
1 2 1 2 8 2
1 2 1 2 8 4 1
1 2 1 2 8 5
1 2 1 2 1 6 6
1 5 1 6 6

# init board

# answer
ｘｘｘｘｘｘｘｘｘｘｘｘｘｘｘｘｘｘｘｘｘｘｘ䨻䨻䨻䨻䨻䨻ｘ
ｘｘｘｘｘｘｘｘｘｘｘｘｘｘｘｘｘｘｘｘｘｘ䨻䨻ｘｘｘｘｘ䨻
ｘｘｘｘｘｘ䨻䨻䨻䨻䨻䨻䨻ｘｘｘｘｘｘｘｘ䨻䨻ｘｘｘｘｘｘｘ
ｘｘｘ䨻䨻䨻䨻䨻䨻ｘｘｘｘｘｘｘｘｘｘｘｘ䨻ｘｘｘｘｘｘｘｘ
ｘｘｘｘｘｘｘｘｘｘｘｘｘｘｘｘｘｘｘｘ䨻䨻ｘｘｘｘｘｘｘｘ
ｘｘｘｘ䨻䨻䨻䨻䨻䨻䨻䨻䨻ｘｘｘｘｘｘｘ䨻ｘ䨻ｘｘｘｘｘｘｘ
䨻䨻䨻䨻䨻䨻䨻䨻ｘｘｘｘｘｘｘｘｘｘｘ䨻䨻䨻ｘ䨻䨻䨻䨻䨻䨻ｘ
ｘｘｘｘｘｘｘｘｘｘｘｘｘｘｘｘｘｘｘ䨻ｘｘ䨻䨻䨻䨻䨻䨻䨻䨻
ｘｘｘｘｘｘｘｘｘｘｘｘｘｘｘｘｘｘｘ䨻䨻ｘｘ䨻䨻ｘｘｘｘ䨻
ｘｘ䨻䨻䨻䨻ｘｘｘｘｘｘｘｘｘｘｘｘｘ䨻ｘ䨻䨻䨻䨻䨻䨻䨻䨻䨻
ｘ䨻䨻䨻䨻䨻䨻䨻ｘｘｘｘｘ䨻䨻䨻䨻䨻䨻䨻䨻ｘｘ䨻䨻ｘｘｘｘ䨻
䨻䨻䨻䨻䨻䨻䨻䨻䨻䨻䨻䨻䨻䨻ｘｘｘｘｘｘ䨻䨻䨻䨻䨻䨻䨻䨻䨻䨻
䨻䨻䨻䨻䨻䨻䨻䨻ｘｘｘｘｘｘｘｘｘｘｘｘ䨻䨻䨻䨻䨻䨻䨻䨻䨻ｘ
䨻䨻䨻䨻䨻䨻䨻䨻ｘｘｘｘ䨻ｘｘｘｘｘｘｘｘ䨻䨻䨻ｘｘｘｘｘ䨻
䨻䨻䨻䨻䨻䨻䨻䨻ｘｘｘｘｘ䨻䨻ｘｘｘｘｘ䨻ｘ䨻䨻ｘｘｘｘ䨻ｘ
䨻䨻䨻䨻䨻䨻䨻ｘｘｘｘｘｘｘ䨻䨻ｘｘ䨻䨻䨻ｘ䨻䨻䨻ｘ䨻䨻ｘｘ
ｘｘ䨻䨻䨻ｘ䨻䨻ｘｘ䨻䨻䨻䨻䨻䨻䨻䨻䨻䨻ｘｘ䨻䨻䨻䨻䨻䨻䨻䨻
䨻䨻ｘｘｘｘｘ䨻䨻䨻䨻ｘｘｘｘｘｘｘ䨻䨻ｘｘ䨻䨻䨻䨻䨻䨻䨻䨻
ｘ䨻䨻䨻䨻ｘｘｘｘｘｘｘｘｘｘｘｘ䨻䨻䨻䨻䨻䨻䨻䨻䨻䨻䨻䨻䨻
ｘｘｘｘ䨻䨻䨻ｘｘｘｘｘｘｘｘｘｘ䨻䨻䨻䨻䨻䨻䨻䨻䨻䨻䨻䨻䨻
ｘｘｘｘｘｘ䨻䨻䨻䨻ｘｘｘｘｘｘ䨻䨻䨻䨻䨻䨻䨻䨻䨻䨻䨻䨻䨻䨻
ｘｘｘ䨻䨻ｘｘｘｘ䨻䨻䨻ｘｘｘ䨻䨻䨻䨻䨻䨻䨻䨻䨻䨻䨻䨻䨻䨻䨻
ｘｘｘｘ䨻䨻䨻ｘｘｘ䨻䨻䨻䨻䨻ｘ䨻䨻䨻䨻䨻䨻䨻䨻䨻䨻䨻䨻ｘｘ
ｘｘｘｘｘｘ䨻䨻ｘ䨻ｘｘｘｘｘ䨻䨻䨻䨻䨻䨻䨻䨻䨻䨻䨻ｘｘ䨻䨻
ｘｘｘｘｘｘｘ䨻䨻䨻䨻ｘｘｘｘ䨻䨻䨻䨻䨻䨻䨻䨻䨻䨻ｘ䨻䨻䨻䨻
䨻䨻ｘｘｘｘｘｘｘｘ䨻䨻ｘｘｘ䨻䨻䨻䨻䨻䨻䨻䨻䨻䨻ｘ䨻䨻䨻䨻
䨻䨻䨻䨻ｘｘｘｘｘｘｘ䨻ｘｘｘｘ䨻䨻䨻䨻䨻䨻䨻䨻䨻ｘ䨻䨻䨻䨻
䨻䨻䨻䨻䨻䨻ｘｘｘｘｘｘｘｘｘｘｘ䨻䨻䨻䨻䨻䨻䨻䨻ｘ䨻䨻䨻䨻
䨻䨻䨻䨻䨻䨻䨻䨻ｘｘｘｘｘｘｘｘｘｘ䨻䨻䨻䨻䨻䨻䨻䨻ｘ䨻䨻䨻
䨻䨻䨻䨻䨻䨻䨻䨻䨻䨻ｘｘｘｘｘｘｘｘｘｘｘ䨻䨻䨻䨻䨻䨻ｘｘｘ
