# row clues
7 13
7 13
8 12
1 4 1 1 10
4 1 1 2 1 1 9
-
5 1 1 1 9
6 8
4 5 6 7
7 4 6 1 6
5 6 7 7
-
4 4 2 3 4 6
5 1 5 2 3 2 5
5 2 2 3 1
3 1 1 1 2
2 2 6 4
-
2 2 2 3 1
1 2 1 1 5 1
2 2 1 1 3 1
1 3 4 2 1
2 1 1 1 4
-
3 8 2
2 4 1 3
2 1 5 1 2
3 2 2 3
2 1 2 2 2
-
2 2 2 2
3 5 3
14 4
4 8 5
10 6

# col clues
3 3 1
2 11 1
2 14 1
13 3 1
7 9 2 1
-
7 2 5 1 1
4 2 2 6 2
3 1 2 1 3 3
6 1 3 2 4
1 5 8
-
3 1 1 3
1 7 1 2 2
5 1 1 1 1 1 2
1 2 1 1 2 2
1 5 2 1 1 2 2
-
1 5 1 1 1 3 1 2
2 4 2 1 4 2
6 3 1 2 3
3 5 1 4
6 5 5
-
4 1 2 4 2
6 1 2 1 2
7 1 1 2 2
8 1 2 2
11 2 2 1
-
13 3 9
22 6
15 4 4
11 3 1 3
9 2 2

# init board

# answer

