# row clues
13 3
3 3
5 3 1 3 5
2 6
2 6
-
3 6
5 6
4 5 13
10
9
-
14 9
10
3 11
27
26 2
-
2 19 2
23
13 5
4 3 1 9
6
-
6
5
6 1 1 2 4
12
12
-
3 3 1 2 7
3 4
2
6
0

# col clues
1 1 1 1 3 1 1 1 1
1 1 1 1 4 1 1 1 1
1 1 1 1 3 1 1 1 1
1 1 1 1 3 1 1 1
1 1 1 2 1 1
-
1 1 2 1 1 1 1
1 1 1 2 1 1
1 1 1 1 4 1 1 1
1 1 1 1 4
1 1 1 1 4 1 1 1
-
1 1 1 5
1 1 5 4
1 1 1 5 6
1 6 3 2
5 6 2
-
8 6 2
3 3 7 3
2 3 9 3
3 10 4
3 16
-
20
20
15 6
15
17
-
17
13 2
6 4 2
2 4
3

# init board

# answer
䨻䨻䨻䨻䨻䨻䨻䨻䨻䨻䨻䨻䨻ｘｘ䨻䨻䨻ｘｘｘｘｘｘｘｘｘｘｘｘ
ｘｘｘｘｘｘｘｘｘｘｘｘｘｘｘ䨻䨻䨻ｘｘｘｘｘｘ䨻䨻䨻ｘｘｘ
䨻䨻䨻䨻䨻ｘｘ䨻䨻䨻ｘｘ䨻ｘ䨻䨻䨻ｘｘｘｘｘｘ䨻䨻䨻䨻䨻ｘｘ
ｘｘｘｘｘｘｘｘｘｘｘｘｘｘ䨻䨻ｘｘｘｘｘｘ䨻䨻䨻䨻䨻䨻ｘｘ
ｘｘｘｘｘｘｘｘｘｘｘｘｘｘ䨻䨻ｘｘｘｘｘｘ䨻䨻䨻䨻䨻䨻ｘｘ
ｘｘｘｘｘｘｘｘｘｘｘｘｘｘ䨻䨻䨻ｘｘｘｘｘ䨻䨻䨻䨻䨻䨻ｘｘ
ｘｘｘｘｘｘｘｘｘｘｘｘｘｘ䨻䨻䨻䨻䨻ｘｘｘ䨻䨻䨻䨻䨻䨻ｘｘ
䨻䨻䨻䨻ｘｘ䨻䨻䨻䨻䨻ｘｘｘｘ䨻䨻䨻䨻䨻䨻䨻䨻䨻䨻䨻䨻䨻ｘｘ
ｘｘｘｘｘｘｘｘｘｘｘｘｘｘｘｘｘ䨻䨻䨻䨻䨻䨻䨻䨻䨻䨻ｘｘｘ
ｘｘｘｘｘｘｘｘｘｘｘｘｘｘｘｘｘｘｘ䨻䨻䨻䨻䨻䨻䨻䨻䨻ｘｘ
䨻䨻䨻䨻䨻䨻䨻䨻䨻䨻䨻䨻䨻䨻ｘｘｘｘｘｘ䨻䨻䨻䨻䨻䨻䨻䨻䨻ｘ
ｘｘｘｘｘｘｘｘｘｘｘｘｘｘｘｘｘｘｘ䨻䨻䨻䨻䨻䨻䨻䨻䨻䨻ｘ
ｘ䨻䨻䨻ｘｘｘｘｘｘｘｘｘｘｘｘｘ䨻䨻䨻䨻䨻䨻䨻䨻䨻䨻䨻ｘｘ
䨻䨻䨻䨻䨻䨻䨻䨻䨻䨻䨻䨻䨻䨻䨻䨻䨻䨻䨻䨻䨻䨻䨻䨻䨻䨻䨻ｘｘｘ
䨻䨻䨻䨻䨻䨻䨻䨻䨻䨻䨻䨻䨻䨻䨻䨻䨻䨻䨻䨻䨻䨻䨻䨻䨻䨻ｘｘ䨻䨻
䨻䨻ｘｘｘｘｘ䨻䨻䨻䨻䨻䨻䨻䨻䨻䨻䨻䨻䨻䨻䨻䨻䨻䨻䨻ｘｘ䨻䨻
ｘｘｘｘｘｘｘ䨻䨻䨻䨻䨻䨻䨻䨻䨻䨻䨻䨻䨻䨻䨻䨻䨻䨻䨻䨻䨻䨻䨻
ｘｘｘｘｘｘｘｘｘｘ䨻䨻䨻䨻䨻䨻䨻䨻䨻䨻䨻䨻䨻ｘ䨻䨻䨻䨻䨻ｘ
䨻䨻䨻䨻ｘ䨻䨻䨻ｘ䨻ｘｘｘ䨻䨻䨻䨻䨻䨻䨻䨻䨻ｘｘｘｘｘｘｘｘ
ｘｘｘｘｘｘｘｘｘｘｘｘｘｘｘｘ䨻䨻䨻䨻䨻䨻ｘｘｘｘｘｘｘｘ
ｘｘｘｘｘｘｘｘｘｘｘｘｘｘｘｘｘ䨻䨻䨻䨻䨻䨻ｘｘｘｘｘｘｘ
ｘｘｘｘｘｘｘｘｘｘｘｘｘｘｘｘｘｘ䨻䨻䨻䨻䨻ｘｘｘｘｘｘｘ
䨻䨻䨻䨻䨻䨻ｘ䨻ｘ䨻ｘｘ䨻䨻ｘｘｘｘｘ䨻䨻䨻䨻ｘｘｘｘｘｘｘ
ｘｘｘｘｘｘｘｘｘｘｘ䨻䨻䨻䨻䨻䨻䨻䨻䨻䨻䨻䨻ｘｘｘｘｘｘｘ
ｘｘｘｘｘｘｘｘｘｘｘ䨻䨻䨻䨻䨻䨻䨻䨻䨻䨻䨻䨻ｘｘｘｘｘｘｘ
䨻䨻䨻ｘｘ䨻䨻䨻ｘ䨻ｘ䨻䨻ｘｘｘ䨻䨻䨻䨻䨻䨻䨻ｘｘｘｘｘｘｘ
ｘｘｘｘｘｘｘｘｘｘｘ䨻䨻䨻ｘｘｘｘ䨻䨻䨻䨻ｘｘｘｘｘｘｘｘ
ｘｘｘｘｘｘｘｘｘｘｘｘ䨻䨻ｘｘｘｘｘｘｘｘｘｘｘｘｘｘｘｘ
䨻䨻䨻䨻䨻䨻ｘｘｘｘｘｘｘｘｘｘｘｘｘｘｘｘｘｘｘｘｘｘｘｘ
ｘｘｘｘｘｘｘｘｘｘｘｘｘｘｘｘｘｘｘｘｘｘｘｘｘｘｘｘｘｘ
