# row clues
4 2 4 2 5
3 4 2 4 1 1
2 5 3 3 5 2
1 3 4 4 3 1
2 3 4 4 3 2
-
2 5 2 2 2
2 6 2 2 1 2
2 5 4 2 2 2
2 1 2 6 4 2
2 4 8 2 1 2
-
2 4 2 2 2 4 2
1 2 3 8 3 2 1
2 2 2 2 2 2 2 2
3 2 2 2 2 2 2 3
3 2 3 4 2 2 2
-
2 2 2 4 4 2 2 2
2 1 2 1 2 1 2 1 2
3 2 2 2 2 3
3 4 2 1
5 2 2
-
2 3 4 1
1 3 6 7
2 5 2 6 2 8
6 3 3 2 3
1 4 3 3 4 1
-
2 2 3 3 2 2
3 3 3 3
6 6
1 1
5 5

# col clues
3 7 4 3 2
3 7 9 2 3 1
2 9 2 3 2 2 1
1 2 2 2 3 4 1 1
1 2 6 2 1 7 1 1
-
2 4 3 2 5 2
2 9 2 3 3
2 10 2 1 3
2 3 2 2 3
1 1 2 1 3
-
3 3 2
3 4 1
3 6 1 1 2
1 2 3 1 2 2 2
2 6 1 1 2 2
-
2 6 1 1 2 2
1 2 3 1 2 2 2
3 6 1 1 2
3 4 1
3 2 2
-
1 1 2 1 3
2 3 2 2 3
2 2 7 2 1 3
2 1 5 2 3 3
2 2 2 2 2 5 2
-
1 2 6 2 1 4 2 1 1
1 2 2 2 8 1 1
2 9 2 2 5 2 1
1 1 7 6 3 3 1
4 3 4 3 3 2

# init board

# answer
ｘ䨻䨻䨻䨻ｘｘｘ䨻䨻ｘｘｘ䨻䨻䨻䨻ｘｘｘ䨻䨻ｘｘｘ䨻䨻䨻䨻䨻
䨻䨻䨻ｘｘ䨻䨻䨻䨻ｘｘｘｘｘ䨻䨻ｘｘｘｘｘ䨻䨻䨻䨻ｘｘ䨻ｘ䨻
䨻䨻ｘ䨻䨻䨻䨻䨻ｘｘ䨻䨻䨻ｘｘｘｘ䨻䨻䨻ｘｘ䨻䨻䨻䨻䨻ｘ䨻䨻
䨻ｘ䨻䨻䨻ｘｘｘｘｘ䨻䨻䨻䨻ｘｘ䨻䨻䨻䨻ｘｘｘｘｘ䨻䨻䨻ｘ䨻
ｘ䨻䨻ｘｘ䨻䨻䨻ｘｘ䨻䨻䨻䨻ｘｘ䨻䨻䨻䨻ｘｘ䨻䨻䨻ｘｘ䨻䨻ｘ
ｘ䨻䨻ｘ䨻䨻䨻䨻䨻ｘｘｘｘｘｘｘｘｘｘｘｘ䨻䨻ｘ䨻䨻ｘ䨻䨻ｘ
ｘ䨻䨻ｘ䨻䨻䨻䨻䨻䨻ｘｘｘｘ䨻䨻ｘｘｘｘ䨻䨻ｘｘｘ䨻ｘ䨻䨻ｘ
ｘ䨻䨻ｘ䨻䨻䨻䨻䨻ｘｘｘｘ䨻䨻䨻䨻ｘｘｘｘ䨻䨻ｘ䨻䨻ｘ䨻䨻ｘ
ｘ䨻䨻ｘ䨻ｘ䨻䨻ｘｘｘｘ䨻䨻䨻䨻䨻䨻ｘｘｘｘ䨻䨻䨻䨻ｘ䨻䨻ｘ
ｘ䨻䨻ｘ䨻䨻䨻䨻ｘｘｘ䨻䨻䨻䨻䨻䨻䨻䨻ｘｘｘ䨻䨻ｘ䨻ｘ䨻䨻ｘ
ｘ䨻䨻ｘ䨻䨻䨻䨻ｘｘｘ䨻䨻ｘ䨻䨻ｘ䨻䨻ｘｘｘ䨻䨻䨻䨻ｘ䨻䨻ｘ
䨻ｘ䨻䨻ｘ䨻䨻䨻ｘｘｘ䨻䨻䨻䨻䨻䨻䨻䨻ｘｘｘ䨻䨻䨻ｘ䨻䨻ｘ䨻
䨻䨻ｘ䨻䨻ｘ䨻䨻ｘｘｘ䨻䨻ｘｘｘｘ䨻䨻ｘｘｘ䨻䨻ｘ䨻䨻ｘ䨻䨻
䨻䨻䨻ｘ䨻䨻ｘ䨻䨻ｘｘｘ䨻䨻ｘｘ䨻䨻ｘｘｘ䨻䨻ｘ䨻䨻ｘ䨻䨻䨻
䨻䨻䨻ｘｘ䨻䨻ｘ䨻䨻䨻ｘｘ䨻䨻䨻䨻ｘｘｘ䨻䨻ｘ䨻䨻ｘｘ䨻䨻ｘ
䨻䨻ｘ䨻䨻ｘ䨻䨻ｘ䨻䨻䨻䨻ｘｘｘｘ䨻䨻䨻䨻ｘ䨻䨻ｘ䨻䨻ｘ䨻䨻
䨻䨻ｘ䨻ｘｘｘ䨻䨻ｘ䨻ｘｘｘ䨻䨻ｘｘｘ䨻ｘ䨻䨻ｘｘｘ䨻ｘ䨻䨻
䨻䨻䨻ｘｘｘｘｘ䨻䨻ｘｘ䨻䨻ｘｘ䨻䨻ｘｘ䨻䨻ｘｘｘｘｘ䨻䨻䨻
ｘ䨻䨻䨻ｘｘｘｘｘｘｘｘｘ䨻䨻䨻䨻ｘｘｘｘｘｘｘｘｘ䨻䨻ｘ䨻
䨻䨻䨻䨻䨻ｘｘｘｘｘｘｘｘｘ䨻䨻ｘｘｘｘｘｘｘｘｘ䨻䨻ｘｘｘ
䨻䨻ｘ䨻䨻䨻ｘｘｘｘｘｘｘｘｘｘｘｘｘｘｘｘｘｘ䨻䨻䨻䨻ｘ䨻
䨻ｘｘｘ䨻䨻䨻ｘｘｘｘｘ䨻䨻䨻䨻䨻䨻ｘｘｘｘｘ䨻䨻䨻䨻䨻䨻䨻
䨻䨻ｘ䨻䨻䨻䨻䨻ｘ䨻䨻ｘ䨻䨻䨻䨻䨻䨻ｘ䨻䨻ｘ䨻䨻䨻䨻䨻䨻䨻䨻
ｘ䨻䨻䨻䨻䨻䨻ｘ䨻䨻䨻ｘｘｘｘｘｘｘｘ䨻䨻䨻ｘ䨻䨻ｘ䨻䨻䨻ｘ
䨻ｘ䨻䨻䨻䨻ｘ䨻䨻䨻ｘｘｘｘｘｘｘｘｘｘ䨻䨻䨻ｘ䨻䨻䨻䨻ｘ䨻
䨻䨻ｘ䨻䨻ｘ䨻䨻䨻ｘｘｘｘｘｘｘｘｘｘｘｘ䨻䨻䨻ｘ䨻䨻ｘ䨻䨻
䨻䨻䨻ｘｘ䨻䨻䨻ｘｘｘｘｘｘｘｘｘｘｘｘｘｘ䨻䨻䨻ｘｘ䨻䨻䨻
ｘ䨻䨻䨻䨻䨻䨻ｘｘｘｘｘｘｘｘｘｘｘｘｘｘｘｘ䨻䨻䨻䨻䨻䨻ｘ
䨻ｘｘｘｘｘｘｘｘｘｘｘｘｘｘｘｘｘｘｘｘｘｘｘｘｘｘｘｘ䨻
䨻䨻䨻䨻䨻ｘｘｘｘｘｘｘｘｘｘｘｘｘｘｘｘｘｘｘｘ䨻䨻䨻䨻䨻
