# row clues
1 19 1
1 19 1
1 17 1
2 17 2
1 15 1 4
-
2 13 2 4
3 9 3 3
5 3 6 3
3 4 4 4 3
3 8 6
-
3 3 6 3
2 2 2 4
3 2 3 2 2 4
2 2 1 4 1 2 3
2 2 2 1 6 3
-
1 2 4 2 2 1 4
2 1 2 3 1 3 1
1 2 1 2 2 2 1 1
2 1 2 1 1 2 1
1 2 1 2 3 1 1
-
2 6 8 2
1 2 1 4 4 1 2 1
3 1 3 3 3 1 2 1
2 2 3 3 2 1 2
1 3 7 3 1 1
-
1 4 4 2 1
1 13 3 2
8 2 2 2 1
1 17 4 1
6 3 3 3 3 2 1

# col clues
10
4 1 3 2 1 1
10 3 2 1 1
2 8 3 3 1 1
4 5 2 4 1 1
-
5 1 2 3 6 3
6 2 2 2 3 6
6 1 2 2 3 3 5
7 3 2 2 5 2 2
7 3 1 2 3 4 1 2
-
7 1 7 1 2 1 2
8 1 1 2 1 1 1 1
8 2 2 1 1 1 1 1
8 2 2 1 1 1 1 1 2
7 2 2 1 1 1 2 1 2
-
7 4 1 5 1 2
7 1 2 1 5 2 1
6 1 2 3 6 5
6 2 2 4 2 7
5 1 3 6 2
-
4 3 2 1 2
2 5 2 1 2
7 2 2 1
4 4 2 2 2
2 1 8
-
6 1 3 2
6 2 2 3 2
5 5 4 1
2 3 4
1 6 4

# init board

# answer
ｘ䨻ｘ䨻䨻䨻䨻䨻䨻䨻䨻䨻䨻䨻䨻䨻䨻䨻䨻䨻䨻䨻ｘ䨻ｘｘｘｘｘｘ
ｘ䨻ｘ䨻䨻䨻䨻䨻䨻䨻䨻䨻䨻䨻䨻䨻䨻䨻䨻䨻䨻䨻ｘ䨻ｘｘｘｘｘｘ
ｘ䨻ｘｘ䨻䨻䨻䨻䨻䨻䨻䨻䨻䨻䨻䨻䨻䨻䨻䨻䨻ｘｘ䨻ｘｘｘｘｘｘ
ｘ䨻䨻ｘ䨻䨻䨻䨻䨻䨻䨻䨻䨻䨻䨻䨻䨻䨻䨻䨻䨻ｘ䨻䨻ｘｘｘｘｘｘ
ｘｘ䨻ｘｘ䨻䨻䨻䨻䨻䨻䨻䨻䨻䨻䨻䨻䨻䨻䨻ｘｘ䨻ｘｘｘ䨻䨻䨻䨻
ｘｘ䨻䨻ｘｘ䨻䨻䨻䨻䨻䨻䨻䨻䨻䨻䨻䨻䨻ｘｘ䨻䨻ｘｘ䨻䨻䨻䨻ｘ
ｘｘ䨻䨻䨻ｘｘｘ䨻䨻䨻䨻䨻䨻䨻䨻䨻ｘｘｘ䨻䨻䨻ｘｘ䨻䨻䨻ｘｘ
ｘｘ䨻䨻䨻䨻䨻ｘｘｘｘ䨻䨻䨻ｘｘｘｘ䨻䨻䨻䨻䨻䨻ｘ䨻䨻䨻ｘｘ
ｘｘ䨻䨻䨻ｘ䨻䨻䨻䨻ｘｘｘｘｘ䨻䨻䨻䨻ｘ䨻䨻䨻䨻ｘ䨻䨻䨻ｘｘ
ｘｘ䨻䨻䨻ｘｘｘ䨻䨻䨻䨻䨻䨻䨻䨻ｘｘｘｘｘ䨻䨻䨻䨻䨻䨻ｘｘｘ
ｘｘ䨻䨻䨻ｘｘ䨻䨻䨻ｘｘ䨻䨻䨻䨻䨻䨻ｘｘｘｘｘ䨻䨻䨻ｘｘｘｘ
ｘｘ䨻䨻ｘｘ䨻䨻ｘｘ䨻䨻ｘｘｘ䨻䨻䨻䨻ｘｘｘｘｘｘｘｘｘｘｘ
ｘ䨻䨻䨻ｘ䨻䨻ｘ䨻䨻䨻ｘｘ䨻䨻ｘｘｘ䨻䨻ｘｘｘｘ䨻䨻䨻䨻ｘｘ
ｘｘｘｘ䨻䨻ｘ䨻䨻ｘ䨻ｘ䨻䨻䨻䨻ｘ䨻ｘ䨻䨻ｘｘｘｘｘ䨻䨻䨻ｘ
ｘｘｘ䨻䨻ｘ䨻䨻ｘ䨻䨻ｘ䨻ｘｘｘ䨻䨻䨻䨻䨻䨻ｘｘｘｘｘ䨻䨻䨻
ｘｘｘ䨻ｘ䨻䨻ｘ䨻䨻䨻䨻ｘ䨻䨻ｘｘ䨻䨻ｘｘ䨻ｘｘｘｘ䨻䨻䨻䨻
ｘｘ䨻䨻ｘ䨻ｘ䨻䨻ｘ䨻䨻䨻ｘｘｘｘｘ䨻ｘｘｘｘｘｘ䨻䨻䨻ｘ䨻
ｘｘ䨻ｘ䨻䨻ｘ䨻ｘ䨻䨻ｘｘ䨻䨻ｘｘ䨻䨻ｘｘｘｘｘｘ䨻ｘｘｘ䨻
ｘ䨻䨻ｘ䨻ｘ䨻䨻ｘ䨻ｘｘｘｘｘｘｘ䨻ｘｘｘｘｘｘｘ䨻䨻ｘｘ䨻
ｘ䨻ｘ䨻䨻ｘ䨻ｘ䨻䨻ｘｘｘｘｘｘ䨻䨻䨻ｘｘｘｘｘｘｘ䨻ｘｘ䨻
䨻䨻ｘ䨻䨻䨻䨻䨻䨻ｘｘｘｘｘｘ䨻䨻䨻䨻䨻䨻䨻䨻ｘｘｘ䨻䨻ｘｘ
䨻ｘ䨻䨻ｘ䨻ｘ䨻䨻䨻䨻ｘｘｘ䨻䨻䨻䨻ｘ䨻ｘｘ䨻䨻ｘｘｘ䨻ｘｘ
䨻䨻䨻ｘｘ䨻ｘ䨻䨻䨻ｘ䨻䨻䨻ｘ䨻䨻䨻ｘ䨻ｘｘｘ䨻䨻ｘｘ䨻ｘｘ
䨻䨻ｘｘｘ䨻䨻ｘ䨻䨻䨻ｘｘｘ䨻䨻䨻ｘ䨻䨻ｘｘｘｘ䨻ｘｘ䨻䨻ｘ
䨻ｘｘｘｘ䨻䨻䨻ｘ䨻䨻䨻䨻䨻䨻䨻ｘ䨻䨻䨻ｘｘｘｘ䨻ｘｘｘ䨻ｘ
䨻ｘｘｘｘ䨻䨻䨻䨻ｘｘｘｘｘｘｘ䨻䨻䨻䨻ｘｘｘ䨻䨻ｘｘｘ䨻ｘ
䨻ｘｘｘｘｘ䨻䨻䨻䨻䨻䨻䨻䨻䨻䨻䨻䨻䨻ｘｘｘ䨻䨻䨻ｘｘｘ䨻䨻
䨻䨻䨻䨻䨻䨻䨻䨻ｘｘｘｘｘｘｘｘｘ䨻䨻ｘｘ䨻䨻ｘ䨻䨻ｘｘｘ䨻
䨻ｘｘｘｘ䨻䨻䨻䨻䨻䨻䨻䨻䨻䨻䨻䨻䨻䨻䨻䨻䨻ｘ䨻䨻䨻䨻ｘｘ䨻
䨻䨻䨻䨻䨻䨻ｘｘ䨻䨻䨻ｘｘ䨻䨻䨻ｘｘ䨻䨻䨻ｘ䨻䨻䨻ｘ䨻䨻ｘ䨻
