# row clues
2 2
3 6 3
1 1 8 1 1
2 1 10 2 1
2 10 2
-
3 12 3
3 4 12 6
2 2 2
1 3 1 1 1 1 1 1 1 1 1 3
1 23
-
2 2 19
3 1 1 2 3
1 1 2 1 2 2
1 1 5 2 1 1
5 1 3 3 2 1 1
-
2 1 1 2 2 2 2
1 3 9 3
1 1 4 4 1
4 2 3 2 3 1
1 1 3 8 4 3
-
1 2 4 2 2 2 2 3 2
1 3 2 2 2 2 2 1 1 1
1 3 2 2 2 2 2 3 1
1 2 2 2 2 2 2 6
1 2 2 2 2 2 2 3 2
-
2 2 2 2 2 2 2 3 1
1 2 2 2 2 2 2 3 1
6 2 2 2 2 2 3 1
2 2 2 2 2 2 3 1
2 2 2 2 2 2 7

# col clues
4 11
2 2 2 2 1 3
5 1 4 1 1
2 2 2 7 1
3 4 1 1 3 1
-
1 2 3 9
2 3 10
2 2 2
2 3 12
2 13
-
2 8 1
4 2 15
5 3 1 14
6 2 2 1 2
6 7 1 11
-
6 2 2 1 11
6 3 2 1 1
6 2 2 1 12
6 3 1 14
5 2 3
-
4 4 3 13
2 6 13
3 2
2 2 11
2 3 4 1 8
-
2 1 2 2 11
2 1 2 1 4 1 1
5 1 1 2 2 2 1 1
2 3 4 5 1
3 1 6

# init board

# answer
ｘｘ䨻䨻ｘｘｘｘｘｘｘｘｘｘｘｘｘｘｘｘｘｘｘｘｘｘｘ䨻䨻ｘ
ｘｘ䨻䨻䨻ｘｘｘｘｘｘｘｘ䨻䨻䨻䨻䨻䨻ｘｘｘｘｘｘｘｘ䨻䨻䨻
ｘｘ䨻ｘ䨻ｘｘｘｘｘｘｘ䨻䨻䨻䨻䨻䨻䨻䨻ｘｘｘｘｘｘｘ䨻ｘ䨻
ｘ䨻䨻ｘ䨻ｘｘｘｘｘｘ䨻䨻䨻䨻䨻䨻䨻䨻䨻䨻ｘｘｘｘｘ䨻䨻ｘ䨻
ｘ䨻䨻ｘｘｘｘｘｘｘｘ䨻䨻䨻䨻䨻䨻䨻䨻䨻䨻ｘｘｘｘｘ䨻䨻ｘｘ
ｘｘｘｘｘｘ䨻䨻䨻ｘ䨻䨻䨻䨻䨻䨻䨻䨻䨻䨻䨻䨻ｘ䨻䨻䨻ｘｘｘｘ
ｘ䨻䨻䨻ｘ䨻䨻䨻䨻ｘ䨻䨻䨻䨻䨻䨻䨻䨻䨻䨻䨻䨻ｘ䨻䨻䨻䨻䨻䨻ｘ
䨻䨻ｘ䨻䨻ｘｘｘｘｘｘｘｘｘｘｘｘｘｘｘｘｘｘｘｘｘｘｘ䨻䨻
䨻ｘｘｘ䨻䨻䨻ｘ䨻ｘ䨻ｘ䨻ｘ䨻ｘ䨻ｘ䨻ｘ䨻ｘ䨻ｘ䨻ｘ䨻䨻䨻ｘ
䨻ｘｘｘ䨻䨻䨻䨻䨻䨻䨻䨻䨻䨻䨻䨻䨻䨻䨻䨻䨻䨻䨻䨻䨻䨻䨻ｘｘｘ
䨻䨻ｘ䨻䨻ｘ䨻䨻䨻䨻䨻䨻䨻䨻䨻䨻䨻䨻䨻䨻䨻䨻䨻䨻䨻ｘｘｘｘｘ
ｘ䨻䨻䨻ｘｘｘｘｘｘ䨻ｘｘｘ䨻ｘｘｘｘｘ䨻䨻ｘｘｘ䨻䨻䨻ｘｘ
ｘｘ䨻ｘｘｘｘｘｘｘ䨻ｘｘｘ䨻䨻ｘｘｘｘｘ䨻ｘｘ䨻䨻ｘ䨻䨻ｘ
ｘｘ䨻ｘｘｘｘｘｘｘ䨻ｘｘ䨻䨻䨻䨻䨻ｘｘ䨻䨻ｘｘ䨻ｘｘｘ䨻ｘ
ｘ䨻䨻䨻䨻䨻ｘｘｘｘ䨻ｘ䨻䨻䨻ｘ䨻䨻䨻ｘ䨻䨻ｘｘ䨻ｘｘｘ䨻ｘ
䨻䨻ｘ䨻ｘ䨻ｘｘｘｘ䨻䨻ｘｘｘｘｘｘｘ䨻䨻ｘｘｘ䨻䨻ｘ䨻䨻ｘ
䨻ｘｘ䨻䨻䨻ｘｘｘｘｘ䨻䨻䨻䨻䨻䨻䨻䨻䨻ｘｘｘｘｘ䨻䨻䨻ｘｘ
䨻ｘｘ䨻ｘｘｘｘｘ䨻䨻䨻䨻ｘｘｘｘｘ䨻䨻䨻䨻ｘｘｘｘ䨻ｘｘｘ
䨻䨻䨻䨻ｘｘｘｘ䨻䨻ｘ䨻䨻䨻ｘｘｘ䨻䨻ｘ䨻䨻䨻ｘｘｘ䨻ｘｘｘ
䨻ｘｘ䨻ｘｘｘ䨻䨻䨻ｘ䨻䨻䨻䨻䨻䨻䨻䨻ｘ䨻䨻䨻䨻ｘ䨻䨻䨻ｘｘ
䨻ｘｘ䨻䨻ｘ䨻䨻䨻䨻ｘ䨻䨻ｘ䨻䨻ｘ䨻䨻ｘ䨻䨻ｘ䨻䨻䨻ｘ䨻䨻ｘ
䨻ｘｘｘ䨻䨻䨻ｘ䨻䨻ｘ䨻䨻ｘ䨻䨻ｘ䨻䨻ｘ䨻䨻ｘ䨻ｘ䨻ｘｘ䨻ｘ
䨻ｘｘｘ䨻䨻䨻ｘ䨻䨻ｘ䨻䨻ｘ䨻䨻ｘ䨻䨻ｘ䨻䨻ｘ䨻䨻䨻ｘｘ䨻ｘ
䨻ｘｘｘｘ䨻䨻ｘ䨻䨻ｘ䨻䨻ｘ䨻䨻ｘ䨻䨻ｘ䨻䨻ｘ䨻䨻䨻䨻䨻䨻ｘ
䨻ｘｘｘｘ䨻䨻ｘ䨻䨻ｘ䨻䨻ｘ䨻䨻ｘ䨻䨻ｘ䨻䨻ｘ䨻䨻䨻ｘｘ䨻䨻
䨻䨻ｘｘｘ䨻䨻ｘ䨻䨻ｘ䨻䨻ｘ䨻䨻ｘ䨻䨻ｘ䨻䨻ｘ䨻䨻䨻ｘｘｘ䨻
ｘ䨻ｘｘｘ䨻䨻ｘ䨻䨻ｘ䨻䨻ｘ䨻䨻ｘ䨻䨻ｘ䨻䨻ｘ䨻䨻䨻ｘｘｘ䨻
ｘ䨻䨻䨻䨻䨻䨻ｘ䨻䨻ｘ䨻䨻ｘ䨻䨻ｘ䨻䨻ｘ䨻䨻ｘ䨻䨻䨻ｘｘｘ䨻
ｘｘｘｘｘ䨻䨻ｘ䨻䨻ｘ䨻䨻ｘ䨻䨻ｘ䨻䨻ｘ䨻䨻ｘ䨻䨻䨻ｘｘｘ䨻
ｘｘｘｘｘ䨻䨻ｘ䨻䨻ｘ䨻䨻ｘ䨻䨻ｘ䨻䨻ｘ䨻䨻ｘ䨻䨻䨻䨻䨻䨻䨻
