# row clues
3 4 3
3 3 3
5 3 3 2
7 3 3 2
6 2 3 3 2 3
-
5 1 3 3 3 4
4 1 3 3 2 4
1 1 2 3 3 2 4
1 1 3 3 2 3 4
2 1 3 3 2 2 4
-
2 3 4 2 3 5
1 1 1 3 3 2 6
1 3 2 2 2 6
2 2 3 3 2 2 3
1 2 1 2 2 2 2 1
-
2 1 1 1 2 1 2 2
3 4 3 2
30
1 7 1
3 2 1 2 5 1 2 3 3
-
1 1 1 1 3 1
1 1 1 1 1
1 1 2 1
1 2 2 1 1
1 3 2 1
-
1 5 3 1 1
1 1 5 4 1 1
1 7 6 1 1
1 1 11 2 1
1 2 4 1

# col clues
7 7
4 5 3 11
5 2 1
8 1 1 4 1 2
4 1 2 3 3 1
-
3 2 1 4 3
2 4 3 3 2
2 4 2 6 3
1 3 2 3 3
2 5 3
-
4 4 3 2
6 6 1 2
10 3 1 1 2
7 1 2 3
2 3 1 3 2
-
2 5 1 2 2
4 4 1 1 3
8 3 2 1 2
3 5 2 2 1 2
2 3 2 2 3
-
1 3 3 1 2
3 4 2 1 1 3
10 2 1 5
3 4 2 1 1 5
2 2 2 1
-
1 4 3 1 1
11 1 1 4
10 1 1
9 1 11
8 3


# init board

# answer
ｘｘｘｘｘｘｘｘ䨻䨻䨻ｘｘｘｘｘｘ䨻䨻䨻䨻ｘｘ䨻䨻䨻ｘｘｘｘ
ｘｘｘｘｘｘｘｘｘ䨻䨻䨻ｘｘｘｘｘ䨻䨻䨻ｘｘ䨻䨻䨻ｘｘｘｘｘ
ｘｘ䨻䨻䨻䨻䨻ｘｘｘ䨻䨻䨻ｘｘｘ䨻䨻䨻ｘｘｘ䨻䨻ｘｘｘｘｘｘ
ｘ䨻䨻䨻䨻䨻䨻䨻ｘｘ䨻䨻䨻ｘｘ䨻䨻䨻ｘｘｘ䨻䨻ｘｘｘｘｘｘｘ
䨻䨻䨻䨻䨻䨻ｘ䨻䨻ｘｘ䨻䨻䨻ｘ䨻䨻䨻ｘｘｘ䨻䨻ｘｘｘｘ䨻䨻䨻
䨻䨻䨻䨻䨻ｘｘｘ䨻ｘｘ䨻䨻䨻ｘｘ䨻䨻䨻ｘｘ䨻䨻䨻ｘｘ䨻䨻䨻䨻
䨻䨻䨻䨻ｘｘｘｘ䨻ｘｘ䨻䨻䨻ｘｘｘ䨻䨻䨻ｘｘ䨻䨻ｘｘ䨻䨻䨻䨻
䨻ｘｘ䨻ｘｘ䨻䨻ｘｘｘｘ䨻䨻䨻ｘｘ䨻䨻䨻ｘｘ䨻䨻ｘｘ䨻䨻䨻䨻
䨻ｘｘ䨻ｘ䨻䨻䨻ｘｘｘｘ䨻䨻䨻ｘｘｘ䨻䨻ｘ䨻䨻䨻ｘｘ䨻䨻䨻䨻
䨻䨻ｘ䨻ｘ䨻䨻䨻ｘｘｘ䨻䨻䨻ｘｘｘ䨻䨻ｘｘ䨻䨻ｘｘｘ䨻䨻䨻䨻
䨻䨻ｘｘｘｘ䨻䨻䨻ｘ䨻䨻䨻䨻ｘｘ䨻䨻ｘｘ䨻䨻䨻ｘｘ䨻䨻䨻䨻䨻
ｘ䨻ｘｘ䨻ｘｘｘ䨻ｘ䨻䨻䨻ｘｘ䨻䨻䨻ｘｘ䨻䨻ｘｘ䨻䨻䨻䨻䨻䨻
ｘ䨻ｘｘｘ䨻䨻䨻ｘｘ䨻䨻ｘｘｘ䨻䨻ｘｘ䨻䨻ｘｘ䨻䨻䨻䨻䨻䨻ｘ
䨻䨻ｘｘｘｘ䨻䨻ｘｘ䨻䨻䨻ｘ䨻䨻䨻ｘ䨻䨻ｘｘ䨻䨻ｘ䨻䨻䨻ｘｘ
䨻ｘｘ䨻䨻ｘ䨻ｘｘｘｘ䨻䨻ｘ䨻䨻ｘ䨻䨻ｘｘ䨻䨻ｘｘｘ䨻ｘｘｘ
䨻䨻ｘｘ䨻ｘｘ䨻ｘｘｘｘ䨻ｘ䨻䨻ｘ䨻ｘｘ䨻䨻ｘｘｘ䨻䨻ｘｘｘ
䨻䨻䨻ｘｘｘ䨻䨻䨻䨻ｘｘｘｘｘｘｘｘ䨻䨻䨻ｘｘｘ䨻䨻ｘｘｘｘ
䨻䨻䨻䨻䨻䨻䨻䨻䨻䨻䨻䨻䨻䨻䨻䨻䨻䨻䨻䨻䨻䨻䨻䨻䨻䨻䨻䨻䨻䨻
䨻ｘｘｘ䨻䨻䨻䨻䨻䨻䨻ｘｘｘｘｘｘｘｘｘｘｘｘｘｘｘｘｘｘ䨻
䨻䨻䨻ｘ䨻䨻ｘ䨻ｘ䨻䨻ｘ䨻䨻䨻䨻䨻ｘ䨻ｘ䨻䨻ｘ䨻䨻䨻ｘ䨻䨻䨻
ｘ䨻ｘｘｘ䨻ｘ䨻ｘ䨻ｘｘｘ䨻䨻䨻ｘｘｘｘｘｘｘｘｘｘｘｘ䨻ｘ
ｘ䨻ｘ䨻ｘｘｘｘｘｘｘｘｘｘ䨻ｘｘｘｘｘｘｘｘ䨻ｘｘｘｘ䨻ｘ
ｘ䨻ｘ䨻ｘｘｘｘｘｘｘｘｘｘｘｘｘｘｘｘｘｘ䨻䨻ｘｘｘｘ䨻ｘ
ｘ䨻ｘ䨻䨻ｘｘｘｘｘｘｘｘｘｘｘｘｘｘｘｘｘ䨻䨻ｘｘ䨻ｘ䨻ｘ
ｘ䨻ｘ䨻䨻䨻ｘｘｘｘｘｘｘｘｘｘｘｘｘｘｘｘ䨻䨻ｘｘｘｘ䨻ｘ
ｘ䨻ｘｘ䨻䨻䨻䨻䨻ｘｘｘｘｘｘｘｘｘｘｘｘ䨻䨻䨻ｘｘ䨻ｘ䨻ｘ
ｘ䨻ｘ䨻ｘ䨻䨻䨻䨻䨻ｘｘｘｘｘｘｘｘｘ䨻䨻䨻䨻ｘｘｘ䨻ｘ䨻ｘ
ｘ䨻ｘｘｘｘｘ䨻䨻䨻䨻䨻䨻䨻ｘｘ䨻䨻䨻䨻䨻䨻ｘｘｘｘ䨻ｘ䨻ｘ
ｘ䨻ｘ䨻ｘｘｘｘｘ䨻䨻䨻䨻䨻䨻䨻䨻䨻䨻䨻ｘｘｘｘｘ䨻䨻ｘ䨻ｘ
ｘ䨻ｘ䨻䨻ｘｘｘｘｘｘｘｘ䨻䨻䨻䨻ｘｘｘｘｘｘｘｘｘｘｘ䨻ｘ
