# row clues
1 6 1
1 7 8 1
1 2 2 1 1 1
4 7 12 3
1 2 2 1 1 1 1 1
-
12 1 2 1 1 1
3 1 2 1 1 2 2 1
1 1 1 2 1 1 2 4
2 2 1 2 1 1 11
1 1 1 2 1 1 8 3
-
2 2 1 1 1 1 1 5 1 2
2 1 1 1 1 1 1 2
1 1 2 1 1 1 1 1 1 2
1 2 1 1 1 1 1 1 2
1 2 2 1 1 1 1 1 1 2
-
1 12 2 3 1 2
4 9 5
7 4 7 1
4 1 1 8
2 8 1 1 1
-
4 1 1 1
5 1 6 1 2 3 1
3 1 1 1 1 2
2 15 1
3 2 5 1 3
-
3 2 2 2 5 1
1 1 2 2 9
1 2 5 3
5 2 6 5
1 2 1 7 5

# col clues
1 4 3 2 2 1
4 1 1 1 2 1 2 1 1
1 1 1 1 2 1 2 1 1
4 1 1 2 1 2
1 4 1 1 1 1 1 1
-
1 1 2 1 1 1 1 2
15 1 1 1 1 1
5 1 2 1 1
1 1 6 4 2 1 1 2
1 1 5 5 2 1 3 1
-
1 1 1 1 2 1 1 1 1
15 1 1 1 1
5 1 8 1
1 3 2 2 1 1
15 1 1 1 1
-
1 3 1 1 1 1
3 2 1 1 1 2
2 1 4 2 2 2
1 7 3 3 2 3
2 1 1 4 7 3 3
-
2 1 3 2 6
2 1 11 1 6
2 1 1 3 1 2 4 3
2 1 4 2 3 4
2 7 2 1 1 2 2
-
3 3 2 1 1 1 1 1 2
1 2 2 1 2 1 4
3 1 2 2 1 1 2 2 4
3 12 1 5
1 4 1 2

# init board

# answer
ｘ䨻ｘｘｘｘｘｘｘｘｘｘｘｘｘｘｘｘｘ䨻䨻䨻䨻䨻䨻ｘ䨻ｘｘｘ
ｘ䨻ｘｘｘｘ䨻䨻䨻䨻䨻䨻䨻ｘｘｘｘｘ䨻䨻䨻䨻䨻䨻䨻䨻ｘ䨻ｘｘ
ｘ䨻ｘｘｘｘ䨻䨻ｘｘｘ䨻䨻ｘｘｘｘ䨻ｘｘｘｘｘｘｘ䨻ｘ䨻ｘｘ
䨻䨻䨻䨻ｘｘ䨻䨻䨻䨻䨻䨻䨻ｘ䨻䨻䨻䨻䨻䨻䨻䨻䨻䨻䨻䨻ｘ䨻䨻䨻
ｘｘｘ䨻ｘｘ䨻䨻ｘｘｘ䨻䨻ｘ䨻ｘ䨻ｘ䨻ｘｘｘｘｘ䨻ｘｘｘ䨻ｘ
ｘｘｘ䨻䨻䨻䨻䨻䨻䨻䨻䨻䨻䨻䨻ｘ䨻ｘ䨻䨻ｘｘ䨻ｘ䨻ｘｘｘ䨻ｘ
ｘ䨻䨻䨻ｘｘ䨻ｘ䨻䨻ｘ䨻ｘｘ䨻ｘｘ䨻䨻ｘｘｘｘｘ䨻䨻ｘ䨻ｘｘ
䨻ｘｘｘ䨻ｘ䨻ｘ䨻䨻ｘ䨻ｘｘ䨻ｘｘｘ䨻䨻ｘｘｘ䨻䨻䨻䨻ｘｘｘ
䨻䨻ｘ䨻䨻ｘ䨻ｘ䨻䨻ｘ䨻ｘｘ䨻ｘｘｘ䨻䨻䨻䨻䨻䨻䨻䨻䨻䨻䨻ｘ
䨻ｘｘｘ䨻ｘ䨻ｘ䨻䨻ｘ䨻ｘｘ䨻ｘｘ䨻䨻䨻䨻䨻䨻䨻䨻ｘｘ䨻䨻䨻
䨻䨻ｘ䨻䨻ｘ䨻ｘ䨻ｘｘ䨻ｘｘ䨻ｘｘ䨻ｘ䨻䨻䨻䨻䨻ｘ䨻ｘｘ䨻䨻
ｘｘｘｘｘ䨻䨻ｘｘ䨻ｘ䨻ｘｘ䨻ｘｘ䨻ｘｘｘ䨻ｘｘｘ䨻ｘｘ䨻䨻
ｘｘ䨻ｘｘｘ䨻ｘ䨻䨻ｘ䨻ｘｘ䨻ｘｘ䨻ｘ䨻ｘ䨻ｘｘ䨻ｘｘｘ䨻䨻
ｘｘｘｘｘｘ䨻ｘ䨻䨻ｘ䨻ｘｘ䨻ｘ䨻ｘｘ䨻ｘ䨻ｘｘ䨻ｘｘ䨻䨻ｘ
ｘｘ䨻ｘｘ䨻䨻ｘ䨻䨻ｘ䨻ｘｘ䨻ｘ䨻ｘｘ䨻ｘ䨻ｘ䨻ｘｘｘ䨻䨻ｘ
䨻ｘｘｘ䨻䨻䨻䨻䨻䨻䨻䨻䨻䨻䨻䨻ｘｘ䨻䨻ｘ䨻䨻䨻ｘｘ䨻ｘ䨻䨻
䨻䨻䨻䨻ｘｘｘｘｘｘｘｘｘ䨻䨻䨻䨻䨻䨻䨻䨻䨻ｘｘ䨻䨻䨻䨻䨻ｘ
䨻䨻䨻䨻䨻䨻䨻ｘｘｘｘｘ䨻䨻䨻䨻ｘ䨻䨻䨻䨻䨻䨻䨻ｘｘｘｘ䨻ｘ
ｘｘｘｘｘｘｘ䨻䨻䨻䨻ｘ䨻ｘｘｘｘｘｘ䨻ｘ䨻䨻䨻䨻䨻䨻䨻䨻ｘ
ｘ䨻䨻ｘｘ䨻䨻䨻䨻䨻䨻䨻䨻ｘｘｘｘｘ䨻ｘｘｘｘ䨻ｘｘｘｘ䨻ｘ
ｘｘｘｘｘｘｘｘｘｘｘｘ䨻䨻䨻䨻ｘｘ䨻ｘｘｘ䨻ｘｘｘｘ䨻ｘｘ
䨻䨻䨻䨻䨻ｘ䨻ｘ䨻䨻䨻䨻䨻䨻ｘｘｘｘ䨻ｘｘ䨻䨻ｘｘ䨻䨻䨻ｘ䨻
䨻䨻䨻ｘｘｘｘｘｘｘｘｘ䨻ｘｘｘｘｘｘ䨻ｘｘ䨻ｘｘｘ䨻ｘ䨻䨻
ｘｘｘｘ䨻䨻ｘｘｘ䨻䨻䨻䨻䨻䨻䨻䨻䨻䨻䨻䨻䨻䨻䨻ｘｘｘ䨻ｘｘ
ｘｘｘｘｘｘｘ䨻䨻䨻ｘｘ䨻䨻ｘｘｘ䨻䨻䨻䨻䨻ｘ䨻ｘ䨻䨻䨻ｘｘ
䨻䨻䨻ｘｘ䨻䨻ｘｘ䨻䨻ｘｘｘｘ䨻䨻ｘｘｘ䨻䨻䨻䨻䨻ｘｘｘ䨻ｘ
䨻ｘｘｘ䨻ｘｘ䨻䨻ｘｘｘｘ䨻䨻ｘｘｘｘｘ䨻䨻䨻䨻䨻䨻䨻䨻䨻ｘ
ｘｘｘ䨻ｘｘｘｘ䨻䨻ｘｘｘｘｘｘｘｘ䨻䨻䨻䨻䨻ｘｘｘ䨻䨻䨻ｘ
ｘ䨻䨻䨻䨻䨻ｘｘｘｘｘ䨻䨻ｘｘｘ䨻䨻䨻䨻䨻䨻ｘｘ䨻䨻䨻䨻䨻ｘ
䨻ｘｘｘｘ䨻䨻ｘｘｘ䨻ｘｘ䨻䨻䨻䨻䨻䨻䨻ｘｘｘｘ䨻䨻䨻䨻䨻ｘ
