# row clues
2 4
4 3
2 2 1 3
2 2 5 3
1 1 1 6
-
2 2 2 1 4
3 2 2 2 4
2 3 3 3 3
1 4 4 3 1
1 2 2 2 2 3 1
-
2 6 1 1 6 5
1 7 2 7 4
1 9 9 4
1 8 8 1 2
1 5 5 1 1
-
2 4 4 2
1 3 4 4 3 2
1 1 3 2 2 3 1 2
1 4 1 2 1 1 2 1 4 1
1 5 1 2 1 1 2 1 5 1
-
1 3 2 2 2 2 3 1
2 1 4 4 1 2
4 1 1 4
3 1 1 3
2 3 1 4 1 3 2
-
2 2 1 1 2 2
2 4 4 2
2 2 5 5 2 2
7 1 10 1 7
6 1 2 1 6

# col clues
3 3
1 1 4
2 1 1 2 2
6 3 1 2 2
2 4 1 1 2
-
1 5 6 2
1 7 2 2 2
2 8 2 2 1
1 7 4 3 1
2 6 2 2 5
-
3 1 4 1 2 1 3
2 2 4 1 2 1 1 2
1 5 3 2 2 1 2
1 7 1 4 1 1 2
4 1 1 2
-
4 1 1 2
1 7 1 4 1 1 2
1 1 5 3 2 2 1 2
1 1 2 4 1 2 1 1 2
1 3 1 4 1 2 1 3
-
1 2 1 6 2 2 5
1 2 2 7 4 3 1
1 2 1 8 2 2 1
1 2 2 7 2 2 2
1 2 1 5 6 2
-
1 2 3 4 1 1 2
1 2 7 3 1 2 2
1 2 4 2 1 1 2 2
1 2 4 2 1 4
1 8 4 3

# init board

# answer
ｘｘｘｘｘｘｘｘｘｘｘｘｘｘ䨻䨻ｘ䨻䨻䨻䨻ｘｘｘｘｘｘｘｘｘ
ｘｘｘｘｘｘｘｘｘｘｘｘｘ䨻䨻䨻䨻ｘｘｘｘ䨻䨻䨻ｘｘｘｘｘｘ
ｘｘｘｘｘｘｘｘｘｘｘ䨻䨻ｘ䨻䨻ｘ䨻ｘｘｘｘｘｘ䨻䨻䨻ｘｘｘ
ｘｘｘｘｘｘｘｘｘｘ䨻䨻ｘｘ䨻䨻ｘｘ䨻䨻䨻䨻䨻ｘｘｘｘ䨻䨻䨻
ｘｘｘｘｘｘｘｘｘｘ䨻ｘｘ䨻ｘｘ䨻ｘｘ䨻䨻䨻䨻䨻䨻ｘｘｘｘｘ
ｘｘｘｘｘｘｘｘｘ䨻䨻ｘ䨻䨻ｘｘ䨻䨻ｘ䨻ｘｘｘ䨻䨻䨻䨻ｘｘｘ
ｘｘｘｘｘｘｘ䨻䨻䨻ｘｘ䨻䨻ｘｘ䨻䨻ｘｘ䨻䨻ｘｘｘ䨻䨻䨻䨻ｘ
ｘｘｘｘｘｘ䨻䨻ｘｘｘ䨻䨻䨻ｘｘ䨻䨻䨻ｘｘ䨻䨻䨻ｘｘｘ䨻䨻䨻
ｘｘｘｘｘ䨻ｘｘｘｘ䨻䨻䨻䨻ｘｘ䨻䨻䨻䨻ｘｘｘ䨻䨻䨻ｘｘｘ䨻
ｘｘｘｘ䨻ｘｘｘ䨻䨻ｘｘ䨻䨻ｘｘ䨻䨻ｘｘ䨻䨻ｘｘｘ䨻䨻䨻ｘ䨻
ｘｘｘ䨻䨻ｘ䨻䨻䨻䨻䨻䨻ｘ䨻ｘｘ䨻ｘ䨻䨻䨻䨻䨻䨻ｘ䨻䨻䨻䨻䨻
ｘｘｘ䨻ｘｘ䨻䨻䨻䨻䨻䨻䨻ｘ䨻䨻ｘ䨻䨻䨻䨻䨻䨻䨻ｘｘ䨻䨻䨻䨻
ｘｘｘ䨻ｘ䨻䨻䨻䨻䨻䨻䨻䨻䨻ｘｘ䨻䨻䨻䨻䨻䨻䨻䨻䨻ｘ䨻䨻䨻䨻
ｘｘｘ䨻ｘ䨻䨻䨻䨻䨻䨻䨻䨻ｘｘｘｘ䨻䨻䨻䨻䨻䨻䨻䨻ｘ䨻ｘ䨻䨻
ｘｘｘ䨻ｘ䨻䨻䨻䨻䨻ｘｘｘｘｘｘｘｘｘｘ䨻䨻䨻䨻䨻ｘ䨻ｘｘ䨻
ｘｘ䨻䨻ｘ䨻䨻䨻䨻ｘｘｘｘｘｘｘｘｘｘｘｘ䨻䨻䨻䨻ｘ䨻䨻ｘｘ
ｘｘ䨻ｘｘ䨻䨻䨻ｘ䨻䨻䨻䨻ｘｘｘｘ䨻䨻䨻䨻ｘ䨻䨻䨻ｘｘ䨻䨻ｘ
ｘ䨻ｘｘ䨻ｘｘ䨻䨻䨻ｘｘ䨻䨻ｘｘ䨻䨻ｘｘ䨻䨻䨻ｘｘ䨻ｘｘ䨻䨻
䨻ｘｘ䨻䨻䨻䨻ｘ䨻ｘ䨻䨻ｘ䨻ｘｘ䨻ｘ䨻䨻ｘ䨻ｘ䨻䨻䨻䨻ｘｘ䨻
䨻ｘ䨻䨻䨻䨻䨻ｘ䨻ｘ䨻䨻ｘ䨻ｘｘ䨻ｘ䨻䨻ｘ䨻ｘ䨻䨻䨻䨻䨻ｘ䨻
䨻ｘｘ䨻䨻䨻ｘｘ䨻䨻ｘｘ䨻䨻ｘｘ䨻䨻ｘｘ䨻䨻ｘｘ䨻䨻䨻ｘｘ䨻
ｘ䨻䨻ｘｘ䨻ｘｘｘ䨻䨻䨻䨻ｘｘｘｘ䨻䨻䨻䨻ｘｘｘ䨻ｘｘ䨻䨻ｘ
ｘｘｘ䨻䨻䨻䨻ｘｘｘｘｘｘ䨻ｘｘ䨻ｘｘｘｘｘｘ䨻䨻䨻䨻ｘｘｘ
ｘｘｘｘｘ䨻䨻䨻ｘ䨻ｘｘｘｘｘｘｘｘｘｘ䨻ｘ䨻䨻䨻ｘｘｘｘｘ
ｘｘｘ䨻䨻ｘｘ䨻䨻䨻ｘ䨻ｘ䨻䨻䨻䨻ｘ䨻ｘ䨻䨻䨻ｘｘ䨻䨻ｘｘｘ
ｘｘ䨻䨻ｘｘｘｘ䨻䨻ｘｘ䨻ｘｘｘｘ䨻ｘｘ䨻䨻ｘｘｘｘ䨻䨻ｘｘ
ｘ䨻䨻ｘｘｘｘ䨻䨻䨻䨻ｘｘｘｘｘｘｘｘ䨻䨻䨻䨻ｘｘｘｘ䨻䨻ｘ
䨻䨻ｘｘｘｘ䨻䨻ｘ䨻䨻䨻䨻䨻ｘｘ䨻䨻䨻䨻䨻ｘ䨻䨻ｘｘｘｘ䨻䨻
䨻䨻䨻䨻䨻䨻䨻ｘ䨻ｘ䨻䨻䨻䨻䨻䨻䨻䨻䨻䨻ｘ䨻ｘ䨻䨻䨻䨻䨻䨻䨻
䨻䨻䨻䨻䨻䨻ｘ䨻ｘｘｘｘｘｘ䨻䨻ｘｘｘｘｘｘ䨻ｘ䨻䨻䨻䨻䨻䨻
