# row clues
4 8 4
6 10 6
7 5 5 7
2 8 8 2
2 6 6 2
-
2 4 4 2
1 2 2 1
1 1
1 1
2 16 2
-
6 6
1 1
28
1 2 4 13 1
2 2 3 6 2 2
-
1 6 4 3 4 1
1 2 2 4 5 1
5 1 1 3 3
2 1 2 1 2 1 1 1
4 2 1 3 1 1 1
-
5 1 3 2
6 1 2 2 3
1 6 1 4 3 1 2 1
1 2 1 3 1 4 3 1 1
2 1 1 1 2 3 4 3 1 2
-
1 2 3 13 1
2 2 5 11 2
2 20 2
3 2 2 2 2 3
3 2 2 2 3

# col clues
3 3 3
5 3 5 3
3 2 4 9 2
3 6 6 7 2
4 1 4 6 2 1
-
4 1 1 3 5 4
4 1 1 2 2 1 1
4 2 4 2 3 2 1
4 1 3 2 1 4
4 1 3 7
-
4 1 2 5 4 1
4 1 1 1 2 1
3 1 1 1 1 2
3 1 1 1 2 2
2 1 2 2 1 2 1 1
-
2 1 3 1 3 3 1
3 1 6 8
3 1 5 7
4 1 4 5 1
4 1 3 4 1
-
4 1 3 1 1 4
4 1 2 3 2 4
4 2 2 4 6 1
4 1 2 2 2 5 1
4 1 2 5 2 6
-
4 1 5 2 1
3 6 8 2 2 2
3 2 4 3 4 2
5 3 5 3
3 3 3

# init board

# answer
ｘ䨻䨻䨻䨻ｘｘｘｘｘｘ䨻䨻䨻䨻䨻䨻䨻䨻ｘｘｘｘｘｘ䨻䨻䨻䨻ｘ
䨻䨻䨻䨻䨻䨻ｘｘｘｘ䨻䨻䨻䨻䨻䨻䨻䨻䨻䨻ｘｘｘｘ䨻䨻䨻䨻䨻䨻
䨻䨻䨻䨻䨻䨻䨻ｘｘ䨻䨻䨻䨻䨻ｘｘ䨻䨻䨻䨻䨻ｘｘ䨻䨻䨻䨻䨻䨻䨻
䨻䨻ｘｘ䨻䨻䨻䨻䨻䨻䨻䨻ｘｘｘｘｘｘ䨻䨻䨻䨻䨻䨻䨻䨻ｘｘ䨻䨻
ｘ䨻䨻ｘｘ䨻䨻䨻䨻䨻䨻ｘｘｘｘｘｘｘｘ䨻䨻䨻䨻䨻䨻ｘｘ䨻䨻ｘ
ｘｘ䨻䨻ｘｘ䨻䨻䨻䨻ｘｘｘｘｘｘｘｘｘｘ䨻䨻䨻䨻ｘｘ䨻䨻ｘｘ
ｘｘｘ䨻ｘｘｘ䨻䨻ｘｘｘｘｘｘｘｘｘｘｘｘ䨻䨻ｘｘｘ䨻ｘｘｘ
ｘｘｘ䨻ｘｘｘｘｘｘｘｘｘｘｘｘｘｘｘｘｘｘｘｘｘｘ䨻ｘｘｘ
ｘｘｘ䨻ｘｘｘｘｘｘｘｘｘｘｘｘｘｘｘｘｘｘｘｘｘｘ䨻ｘｘｘ
ｘｘ䨻䨻ｘｘｘ䨻䨻䨻䨻䨻䨻䨻䨻䨻䨻䨻䨻䨻䨻䨻䨻ｘｘｘ䨻䨻ｘｘ
ｘｘ䨻䨻䨻䨻䨻䨻ｘｘｘｘｘｘｘｘｘｘｘｘｘｘ䨻䨻䨻䨻䨻䨻ｘｘ
ｘｘ䨻ｘｘｘｘｘｘｘｘｘｘｘｘｘｘｘｘｘｘｘｘｘｘｘｘ䨻ｘｘ
ｘ䨻䨻䨻䨻䨻䨻䨻䨻䨻䨻䨻䨻䨻䨻䨻䨻䨻䨻䨻䨻䨻䨻䨻䨻䨻䨻䨻䨻ｘ
ｘ䨻ｘ䨻䨻ｘｘ䨻䨻䨻䨻ｘｘｘ䨻䨻䨻䨻䨻䨻䨻䨻䨻䨻䨻䨻䨻ｘ䨻ｘ
䨻䨻ｘ䨻䨻ｘｘ䨻䨻䨻ｘｘｘｘｘ䨻䨻䨻䨻䨻䨻ｘｘｘｘ䨻䨻ｘ䨻䨻
䨻ｘ䨻䨻䨻䨻䨻䨻ｘｘｘ䨻䨻䨻䨻ｘ䨻䨻䨻ｘｘｘｘｘ䨻䨻䨻䨻ｘ䨻
䨻ｘ䨻䨻ｘ䨻䨻ｘｘｘｘｘｘｘ䨻䨻䨻䨻ｘｘｘｘｘ䨻䨻䨻䨻䨻ｘ䨻
ｘ䨻䨻䨻䨻䨻ｘｘｘｘ䨻ｘｘｘｘｘ䨻ｘｘｘｘｘ䨻䨻䨻ｘ䨻䨻䨻ｘ
ｘ䨻䨻ｘ䨻ｘｘ䨻䨻ｘ䨻ｘｘｘｘｘｘｘｘｘｘ䨻䨻ｘ䨻ｘ䨻ｘ䨻ｘ
ｘ䨻䨻䨻䨻ｘｘ䨻䨻ｘ䨻ｘｘｘｘｘｘｘｘｘ䨻䨻䨻ｘ䨻ｘ䨻ｘ䨻ｘ
ｘ䨻䨻䨻䨻䨻ｘｘｘｘ䨻ｘｘｘｘｘｘｘｘｘｘ䨻䨻䨻ｘｘｘ䨻䨻ｘ
ｘ䨻䨻䨻䨻䨻䨻ｘｘｘ䨻ｘｘｘｘ䨻䨻ｘｘｘｘｘｘ䨻䨻ｘ䨻䨻䨻ｘ
䨻ｘ䨻䨻䨻䨻䨻䨻ｘ䨻ｘｘｘｘ䨻䨻䨻䨻ｘｘ䨻䨻䨻ｘ䨻ｘ䨻䨻ｘ䨻
䨻ｘ䨻䨻ｘ䨻ｘ䨻䨻䨻ｘｘｘ䨻ｘ䨻䨻䨻䨻ｘｘ䨻䨻䨻ｘｘｘ䨻ｘ䨻
䨻䨻ｘ䨻ｘ䨻ｘ䨻ｘ䨻䨻ｘ䨻䨻䨻ｘ䨻䨻䨻䨻ｘｘ䨻䨻䨻ｘ䨻ｘ䨻䨻
ｘ䨻ｘ䨻䨻ｘｘｘ䨻䨻䨻ｘｘｘ䨻䨻䨻䨻䨻䨻䨻䨻䨻䨻䨻䨻䨻ｘ䨻ｘ
ｘ䨻䨻ｘ䨻䨻ｘ䨻䨻䨻䨻䨻ｘｘｘ䨻䨻䨻䨻䨻䨻䨻䨻䨻䨻䨻ｘ䨻䨻ｘ
ｘｘ䨻䨻ｘ䨻䨻䨻䨻䨻䨻䨻䨻䨻䨻䨻䨻䨻䨻䨻䨻䨻䨻䨻䨻ｘ䨻䨻ｘｘ
ｘｘｘ䨻䨻䨻ｘｘ䨻䨻ｘｘ䨻䨻ｘｘ䨻䨻ｘｘ䨻䨻ｘｘ䨻䨻䨻ｘｘｘ
ｘｘｘｘｘ䨻䨻䨻ｘｘ䨻䨻ｘｘ䨻䨻ｘｘ䨻䨻ｘｘ䨻䨻䨻ｘｘｘｘｘ
