# row clues
3 5
1 2 3 3
1 2 2 4
2 2 2 1 3
1 1 1 2 1 2
-
1 3 5 2
3 2 2 1 1 1
1 1 2 1 1
1 1 2 6 2
2 2 2 1 3 2
-
1 2 4 5
1 2 2 4
3 2 6 1
2 7 2
4 7 2
-
2 1 10 2
3 1 2 9 2
2 2 1 15
3 1 1 14 1
2 2 2 4 9 2
-
1 2 1 3 8 3
2 2 8 7 4
2 4 11
2 23
2 4 10 4
-
2 18
2 10 4
3 8 3
3 6 2
2 5 1

# col clues
3
13 2 2
1 1 1 1 1 2 2
2 1 1 1 2 4 2
2 2 1 2 2
-
2 2 2 2 2
7 2 1 1 2 2
2 1 1 3 2 1
2 1 2 2 2
2 2 12 1
-
2 3 1 1 2 2
2 1 2 3 1 2 1
2 3 1 4 1 3
2 2 2 4 2 3
1 1 1 1 1 2 2 1 2
-
4 1 11 2 7
3 1 12 1 7
20 7
2 12 7
2 1 2 18
-
2 2 17
4 14
13
11
9
-
2 2 1
2 6
2 8
2 10
2 12

# init board

# answer
ｘ䨻䨻䨻ｘｘｘｘｘｘｘｘ䨻䨻䨻䨻䨻ｘｘｘｘｘｘｘｘｘｘｘｘｘ
ｘ䨻ｘ䨻䨻ｘｘｘｘｘｘ䨻䨻䨻ｘ䨻䨻䨻ｘｘｘｘｘｘｘｘｘｘｘｘ
ｘ䨻ｘｘ䨻䨻ｘｘｘｘ䨻䨻ｘｘｘ䨻䨻䨻䨻ｘｘｘｘｘｘｘｘｘｘｘ
ｘ䨻䨻ｘｘ䨻䨻ｘｘ䨻䨻ｘｘｘｘ䨻ｘ䨻䨻䨻ｘｘｘｘｘｘｘｘｘｘ
ｘ䨻ｘ䨻ｘｘ䨻ｘ䨻䨻ｘｘｘｘｘｘｘ䨻ｘ䨻䨻ｘｘｘｘｘｘｘｘｘ
ｘ䨻ｘｘｘｘ䨻䨻䨻ｘｘｘｘ䨻䨻䨻䨻䨻ｘｘ䨻䨻ｘｘｘｘｘｘｘｘ
ｘ䨻䨻䨻ｘｘ䨻䨻ｘｘｘｘ䨻䨻ｘｘｘ䨻ｘ䨻ｘ䨻ｘｘｘｘｘｘｘｘ
ｘ䨻ｘｘｘｘ䨻ｘｘｘｘ䨻䨻ｘｘｘｘ䨻ｘｘｘ䨻ｘｘｘｘｘｘｘｘ
ｘ䨻ｘ䨻ｘｘ䨻䨻ｘｘｘｘ䨻䨻䨻䨻䨻䨻ｘｘ䨻䨻ｘｘｘｘｘｘｘｘ
ｘ䨻䨻ｘｘ䨻䨻ｘ䨻䨻ｘｘｘ䨻ｘ䨻䨻䨻ｘ䨻䨻ｘｘｘｘｘｘｘｘｘ
ｘ䨻ｘｘ䨻䨻ｘｘｘ䨻䨻䨻䨻ｘｘ䨻䨻䨻䨻䨻ｘｘｘｘｘｘｘｘｘｘ
ｘ䨻ｘ䨻䨻ｘｘｘｘｘ䨻䨻ｘｘｘ䨻䨻䨻䨻ｘｘｘｘｘｘｘｘｘｘｘ
ｘ䨻䨻䨻ｘｘｘｘｘ䨻䨻ｘｘｘｘ䨻䨻䨻䨻䨻䨻ｘｘｘｘｘｘｘｘ䨻
ｘｘｘｘｘｘｘｘ䨻䨻ｘｘｘｘ䨻䨻䨻䨻䨻䨻䨻ｘｘｘｘｘｘｘ䨻䨻
ｘｘｘｘｘｘ䨻䨻䨻䨻ｘｘｘｘｘ䨻䨻䨻䨻䨻䨻䨻ｘｘｘｘｘ䨻䨻ｘ
ｘｘｘｘｘ䨻䨻ｘｘ䨻ｘｘｘ䨻䨻䨻䨻䨻䨻䨻䨻䨻䨻ｘｘｘ䨻䨻ｘｘ
ｘｘｘ䨻䨻䨻ｘｘｘ䨻ｘｘ䨻䨻ｘ䨻䨻䨻䨻䨻䨻䨻䨻䨻ｘ䨻䨻ｘｘｘ
ｘｘ䨻䨻ｘｘ䨻䨻ｘ䨻ｘ䨻䨻䨻䨻䨻䨻䨻䨻䨻䨻䨻䨻䨻䨻䨻ｘｘｘｘ
ｘ䨻䨻䨻ｘｘｘ䨻ｘ䨻ｘ䨻䨻䨻䨻䨻䨻䨻䨻䨻䨻䨻䨻䨻䨻ｘｘｘｘ䨻
䨻䨻ｘ䨻䨻ｘ䨻䨻ｘ䨻䨻䨻䨻ｘｘｘ䨻䨻䨻䨻䨻䨻䨻䨻䨻ｘｘｘ䨻䨻
䨻ｘｘｘ䨻䨻ｘｘｘ䨻ｘｘｘ䨻䨻䨻ｘ䨻䨻䨻䨻䨻䨻䨻䨻ｘｘ䨻䨻䨻
䨻䨻ｘｘｘ䨻䨻ｘｘ䨻䨻䨻䨻䨻䨻䨻䨻ｘ䨻䨻䨻䨻䨻䨻䨻ｘ䨻䨻䨻䨻
ｘ䨻䨻ｘｘｘ䨻䨻䨻䨻ｘｘｘｘｘｘｘｘｘ䨻䨻䨻䨻䨻䨻䨻䨻䨻䨻䨻
ｘｘ䨻䨻ｘｘｘ䨻䨻䨻䨻䨻䨻䨻䨻䨻䨻䨻䨻䨻䨻䨻䨻䨻䨻䨻䨻䨻䨻䨻
ｘｘｘ䨻䨻ｘｘｘｘｘ䨻䨻䨻䨻ｘ䨻䨻䨻䨻䨻䨻䨻䨻䨻䨻ｘ䨻䨻䨻䨻
ｘｘｘｘ䨻䨻ｘｘｘｘｘｘ䨻䨻䨻䨻䨻䨻䨻䨻䨻䨻䨻䨻䨻䨻䨻䨻䨻䨻
ｘｘｘｘｘ䨻䨻ｘｘｘｘｘｘｘ䨻䨻䨻䨻䨻䨻䨻䨻䨻䨻ｘｘ䨻䨻䨻䨻
ｘｘｘｘｘｘ䨻䨻䨻ｘｘｘｘｘｘ䨻䨻䨻䨻䨻䨻䨻䨻ｘｘｘｘ䨻䨻䨻
ｘｘｘｘｘｘｘｘ䨻䨻䨻ｘｘｘｘ䨻䨻䨻䨻䨻䨻ｘｘｘｘｘｘｘ䨻䨻
ｘｘｘｘｘｘｘｘｘｘ䨻䨻ｘｘｘ䨻䨻䨻䨻䨻ｘｘｘｘｘｘｘｘｘ䨻
