# row clues
2 13
1 2 11
1 3 9
1 3 6
3 2 4
-
7 2 2 2 3
3 2 4 6 2
1 3 2
1 1 1 4 5 2
1 1 1 4 4 1
-
8 2 2 1
2 4 1
2 7 1 1
1 1 1 3 2
6 2 1 2
-
1 5 2 1
9 1 1
1 1 2 1 3 2
8 4 1 1 1 4
1 2 5 1 2 2 2
-
1 4 1 2 1 1 2 2
1 1 1 2 2 2 3 2
1 1 1 3 1 6 3
2 1 1 2 1 1 4 3
2 1 2 3 6 4
-
3 2 1 2 4 4
3 2 1 1 1 2 5
4 3 1 1 5
6 2 1 7
5 1 1 1 7

# col clues
1 12
1 3 7
3 2 1 5
9 3 1 1 1 3
3 2 1 1 1 3 2
-
1 2 1 1 3 6
1 1 2 1 5 3 1
4 1 1 1 1 2 2
6 1 6 3 2 1
10 1 2 2 2 1 1
-
4 3 1 4 2
1 1 6 4 3
1 1 7 2 1 1
1 2 3 1 6
2 3 2 2
-
1 3 3 2
1 2 1 3
1 1 1 1
1 1 3 3
2 2 1 1 4
-
2 1 1 1 6
3 1 2 4 2
3 1 3 1 3
3 1 3 1 4
4 1 2 2 2
-
4 2 4
5 2 6
6 2 8
13 16
9 1 12

# init board

# answer
ｘｘｘｘｘｘｘｘｘｘ䨻䨻ｘｘｘｘｘ䨻䨻䨻䨻䨻䨻䨻䨻䨻䨻䨻䨻䨻
ｘｘｘ䨻ｘｘｘｘｘ䨻䨻ｘｘｘｘｘｘｘｘ䨻䨻䨻䨻䨻䨻䨻䨻䨻䨻䨻
ｘｘｘ䨻ｘｘｘｘ䨻䨻䨻ｘｘｘｘｘｘｘｘｘｘ䨻䨻䨻䨻䨻䨻䨻䨻䨻
ｘｘｘ䨻ｘｘｘｘ䨻䨻䨻ｘｘｘｘｘｘｘｘｘｘｘｘｘ䨻䨻䨻䨻䨻䨻
ｘｘ䨻䨻䨻ｘｘｘ䨻䨻ｘｘｘｘｘｘｘｘｘｘｘｘｘｘｘｘ䨻䨻䨻䨻
䨻䨻䨻䨻䨻䨻䨻ｘ䨻䨻ｘｘｘｘ䨻䨻ｘｘ䨻䨻ｘｘｘｘｘｘｘ䨻䨻䨻
ｘｘ䨻䨻䨻ｘｘｘ䨻䨻ｘ䨻䨻䨻䨻ｘｘｘｘ䨻䨻䨻䨻䨻䨻ｘｘｘ䨻䨻
ｘｘｘ䨻ｘｘｘ䨻䨻䨻ｘｘｘｘｘｘｘｘｘｘｘｘｘｘｘｘｘｘ䨻䨻
ｘｘｘ䨻ｘｘｘ䨻ｘ䨻ｘｘ䨻䨻䨻䨻ｘｘｘｘ䨻䨻䨻䨻䨻ｘｘｘ䨻䨻
ｘｘｘ䨻ｘｘｘ䨻ｘ䨻ｘｘｘ䨻䨻䨻䨻ｘｘｘｘ䨻䨻䨻䨻ｘｘｘ䨻ｘ
ｘｘｘｘｘ䨻䨻䨻䨻䨻䨻䨻䨻ｘ䨻䨻ｘｘｘｘｘｘ䨻䨻ｘｘｘｘ䨻ｘ
ｘｘｘｘ䨻䨻ｘｘｘｘ䨻䨻䨻䨻ｘｘｘｘｘｘｘｘｘｘｘｘｘｘ䨻ｘ
ｘｘｘ䨻䨻ｘｘ䨻䨻䨻䨻䨻䨻䨻ｘｘ䨻ｘｘｘｘｘｘｘｘｘｘｘ䨻ｘ
ｘｘｘ䨻ｘｘ䨻ｘ䨻ｘｘ䨻䨻䨻ｘ䨻䨻ｘｘｘｘｘｘｘｘｘｘｘｘｘ
ｘｘｘ䨻䨻䨻䨻䨻䨻ｘｘ䨻䨻ｘｘ䨻ｘｘｘｘｘｘｘｘｘｘｘｘ䨻䨻
ｘｘ䨻ｘｘｘｘｘ䨻䨻䨻䨻䨻ｘｘ䨻䨻ｘｘｘｘｘｘｘｘｘｘｘ䨻ｘ
ｘ䨻䨻䨻䨻䨻䨻䨻䨻䨻ｘｘ䨻ｘｘｘｘｘｘｘｘｘｘｘｘｘｘｘ䨻ｘ
ｘ䨻ｘｘｘｘｘｘ䨻ｘ䨻䨻ｘ䨻ｘｘｘ䨻䨻䨻ｘｘｘｘｘｘｘ䨻䨻ｘ
䨻䨻䨻䨻䨻䨻䨻䨻ｘ䨻䨻䨻䨻ｘ䨻ｘｘｘ䨻ｘ䨻ｘｘｘｘｘ䨻䨻䨻䨻
䨻ｘｘｘｘ䨻䨻ｘ䨻䨻䨻䨻䨻ｘ䨻ｘｘｘ䨻䨻ｘｘｘｘｘ䨻䨻ｘ䨻䨻
䨻ｘｘ䨻䨻䨻䨻ｘ䨻ｘ䨻䨻ｘ䨻ｘ䨻ｘｘｘｘｘｘｘｘ䨻䨻ｘｘ䨻䨻
䨻ｘｘｘ䨻ｘ䨻ｘ䨻䨻ｘｘ䨻䨻ｘ䨻䨻ｘｘｘｘｘ䨻䨻䨻ｘｘｘ䨻䨻
䨻ｘｘｘ䨻ｘ䨻ｘｘ䨻䨻䨻ｘ䨻ｘｘ䨻䨻䨻䨻䨻䨻ｘｘｘｘｘ䨻䨻䨻
䨻䨻ｘｘｘ䨻ｘ䨻ｘｘ䨻䨻ｘ䨻ｘｘ䨻ｘ䨻䨻䨻䨻ｘｘｘｘｘ䨻䨻䨻
䨻䨻ｘｘｘ䨻ｘ䨻䨻ｘｘ䨻䨻䨻ｘｘｘ䨻䨻䨻䨻䨻䨻ｘｘｘ䨻䨻䨻䨻
䨻䨻䨻ｘｘ䨻䨻ｘ䨻ｘｘｘｘ䨻䨻ｘｘｘｘ䨻䨻䨻䨻ｘｘｘ䨻䨻䨻䨻
䨻䨻䨻ｘｘ䨻䨻ｘｘ䨻ｘｘｘｘ䨻ｘｘｘｘｘ䨻ｘ䨻䨻ｘ䨻䨻䨻䨻䨻
䨻䨻䨻䨻ｘ䨻䨻䨻ｘｘｘｘｘｘｘｘｘｘｘｘ䨻ｘｘ䨻ｘ䨻䨻䨻䨻䨻
䨻䨻䨻䨻䨻䨻ｘ䨻䨻ｘｘｘｘｘｘｘｘｘｘｘｘ䨻ｘ䨻䨻䨻䨻䨻䨻䨻
䨻䨻䨻䨻䨻ｘ䨻ｘｘ䨻ｘｘｘｘｘｘｘｘｘｘｘ䨻ｘ䨻䨻䨻䨻䨻䨻䨻
