# row clues
3 5
3 1 2 4
3 2 2 5
6 1 1 1 2 3
4 5 3
-
6 5 3
2 8 3 3 2
4 6 6 5
6 10 7
6 2 3 2 6 1
-
6 7 6
4 2 2 4
2 9 2
6 2 2 7
27
-
2 5 4 4
3 22 3
2 5 3 10 2
1 2 13 3 1
3 3 3 3
-
2 3 3 3
3 3 3 3
2 3 3 3
2 3 3 3
1 3 3 2
-
1 3 3 2
3 3 1
3 3 1
3 3
3 3

# col clues
3 3 5
3 3 5
3 3 4
3 3 2 3 2
5 3 2 2 5
-
6 3 2 2 8
2 4 3 2 2 3 5
1 2 2 9 3 3
3 3 7 3 1
3 3 6
-
4 7
3 9
5 3 1 1 1
8 1 1 1 1
2 3 1 1 1 1
-
8 1 1 1 1
5 3 1 1 1
2 3 9
2 3 7
2 1 6 6
-
1 2 3 11
3 3 6 2 3
6 3 2 2 3
5 3 2 2 9
3 3 2 2 8
-
3 2 4 7
3 3 5
3 3 6
3 4 6
3 4 6

# init board

# answer
ｘｘｘｘｘ䨻䨻䨻ｘｘｘｘｘｘｘｘｘｘｘ䨻䨻䨻䨻䨻ｘｘｘｘｘｘ
ｘｘｘｘ䨻䨻䨻ｘ䨻ｘｘｘｘｘｘｘｘｘ䨻䨻ｘ䨻䨻䨻䨻ｘｘｘｘｘ
ｘｘｘ䨻䨻䨻ｘ䨻䨻ｘｘｘｘｘｘｘｘ䨻䨻ｘ䨻䨻䨻䨻䨻ｘｘｘｘｘ
ｘｘｘ䨻䨻䨻䨻䨻䨻ｘｘｘｘ䨻ｘ䨻ｘ䨻ｘ䨻䨻ｘ䨻䨻䨻ｘｘｘｘｘ
ｘｘｘ䨻䨻䨻䨻ｘｘｘｘｘ䨻䨻䨻䨻䨻ｘｘｘｘ䨻䨻䨻ｘｘｘｘｘｘ
ｘｘｘｘ䨻䨻䨻䨻䨻䨻ｘｘ䨻䨻䨻䨻䨻ｘｘｘ䨻䨻䨻ｘｘｘｘｘｘｘ
䨻䨻ｘｘｘｘ䨻䨻䨻䨻䨻䨻䨻䨻ｘ䨻䨻䨻ｘ䨻䨻䨻ｘｘｘｘｘ䨻䨻ｘ
䨻䨻䨻䨻ｘｘｘｘ䨻䨻䨻䨻䨻䨻ｘ䨻䨻䨻䨻䨻䨻ｘｘｘｘ䨻䨻䨻䨻䨻
䨻䨻䨻䨻䨻䨻ｘｘｘｘ䨻䨻䨻䨻䨻䨻䨻䨻䨻䨻ｘｘｘ䨻䨻䨻䨻䨻䨻䨻
ｘｘ䨻䨻䨻䨻䨻䨻ｘ䨻䨻ｘｘ䨻䨻䨻ｘｘ䨻䨻ｘ䨻䨻䨻䨻䨻䨻ｘｘ䨻
ｘｘｘｘ䨻䨻䨻䨻䨻䨻ｘ䨻䨻䨻䨻䨻䨻䨻ｘ䨻䨻䨻䨻䨻䨻ｘｘｘｘｘ
ｘｘｘｘｘｘ䨻䨻䨻䨻ｘ䨻䨻ｘｘｘ䨻䨻ｘ䨻䨻䨻䨻ｘｘｘｘｘｘｘ
ｘｘｘｘｘｘｘ䨻䨻ｘ䨻䨻䨻䨻䨻䨻䨻䨻䨻ｘ䨻䨻ｘｘｘｘｘｘｘｘ
ｘｘｘ䨻䨻䨻䨻䨻䨻ｘ䨻䨻ｘｘｘｘｘ䨻䨻ｘ䨻䨻䨻䨻䨻䨻䨻ｘｘｘ
ｘｘ䨻䨻䨻䨻䨻䨻䨻䨻䨻䨻䨻䨻䨻䨻䨻䨻䨻䨻䨻䨻䨻䨻䨻䨻䨻䨻䨻ｘ
ｘ䨻䨻ｘｘｘｘ䨻䨻䨻䨻䨻ｘｘｘｘｘ䨻䨻䨻䨻ｘｘｘｘｘ䨻䨻䨻䨻
䨻䨻䨻ｘ䨻䨻䨻䨻䨻䨻䨻䨻䨻䨻䨻䨻䨻䨻䨻䨻䨻䨻䨻䨻䨻䨻ｘ䨻䨻䨻
䨻䨻ｘ䨻䨻䨻䨻䨻ｘ䨻䨻䨻ｘｘｘｘｘ䨻䨻䨻䨻䨻䨻䨻䨻䨻䨻ｘ䨻䨻
䨻ｘ䨻䨻ｘｘｘｘ䨻䨻䨻䨻䨻䨻䨻䨻䨻䨻䨻䨻䨻ｘｘｘｘ䨻䨻䨻ｘ䨻
ｘ䨻䨻䨻ｘｘｘ䨻䨻䨻ｘｘｘｘｘｘｘｘｘ䨻䨻䨻ｘｘｘ䨻䨻䨻ｘｘ
ｘ䨻䨻ｘｘｘ䨻䨻䨻ｘｘｘｘｘｘｘｘｘｘｘ䨻䨻䨻ｘｘｘ䨻䨻䨻ｘ
䨻䨻䨻ｘｘ䨻䨻䨻ｘｘｘｘｘｘｘｘｘｘｘｘｘ䨻䨻䨻ｘｘ䨻䨻䨻ｘ
䨻䨻ｘｘ䨻䨻䨻ｘｘｘｘｘｘｘｘｘｘｘｘｘｘｘ䨻䨻䨻ｘｘ䨻䨻䨻
䨻䨻ｘ䨻䨻䨻ｘｘｘｘｘｘｘｘｘｘｘｘｘｘｘｘｘ䨻䨻䨻ｘ䨻䨻䨻
䨻ｘｘ䨻䨻䨻ｘｘｘｘｘｘｘｘｘｘｘｘｘｘｘｘｘ䨻䨻䨻ｘｘ䨻䨻
䨻ｘｘｘ䨻䨻䨻ｘｘｘｘｘｘｘｘｘｘｘｘｘｘｘｘ䨻䨻䨻ｘｘ䨻䨻
ｘｘｘｘ䨻䨻䨻ｘｘｘｘｘｘｘｘｘｘｘｘｘｘｘｘ䨻䨻䨻ｘｘｘ䨻
ｘｘｘｘｘ䨻䨻䨻ｘｘｘｘｘｘｘｘｘｘｘｘｘｘｘ䨻䨻䨻ｘｘｘ䨻
ｘｘｘｘｘ䨻䨻䨻ｘｘｘｘｘｘｘｘｘｘｘｘｘｘｘ䨻䨻䨻ｘｘｘｘ
ｘｘｘｘｘｘ䨻䨻䨻ｘｘｘｘｘｘｘｘｘｘｘｘｘｘ䨻䨻䨻ｘｘｘｘ
