# row clues
5
9
12
4 1 1 5
4 1 1 1 1 3
-
4 1 1 1 1 1 3
3 1 1 1 1 1 4 3
3 1 1 1 1 1 1 4 1 1
4 1 1 1 1 1 1 3 1 1
3 1 1 1 1 1 1 4 5
-
4 1 1 1 1 1 1 3 7
3 1 1 1 1 1 1 4 1 1
3 1 1 1 1 1 1 3 2 2
4 1 1 1 1 1 3 1 1
2 1 1 1 1 1 4 1 1 1 1 1
-
3 1 1 1 1 4 2 1 1 2
5 1 1 5
15
10 3
6 3
-
3
4 3
1 3 3
1 4 4
1 2 1 4
-
1 2 1 5
1 2 1 5
1 4 5
1 3 3
4 1

# col clues
5
9
12
4 1 1 5
4 1 1 1 1 3
-
4 1 1 1 1 1 3
3 1 1 1 1 1 4 2 1 1 2
3 1 1 1 1 1 1 4 1 1 1 1 1
4 1 1 1 1 1 1 3 1 1
3 1 1 1 1 1 1 4 2 2
-
4 1 1 1 1 1 1 3 1 1
3 1 1 1 1 1 1 4 7
3 1 1 1 1 1 1 3 5
4 1 1 1 1 1 3 1 1
2 1 1 1 1 1 4 1 1
-
3 1 1 1 1 4 3
5 1 1 5
15
10 3
6 3
-
3
4 3
3 1 3
4 1 4
1 2 1 4
-
1 2 1 5
1 2 1 5
4 1 5
3 1 3
4 1

# init board

# answer
ｘｘｘｘｘｘｘ䨻䨻䨻䨻䨻ｘｘｘｘｘｘｘｘｘｘｘｘｘｘｘｘｘｘ
ｘｘｘｘｘ䨻䨻䨻䨻䨻䨻䨻䨻䨻ｘｘｘｘｘｘｘｘｘｘｘｘｘｘｘｘ
ｘｘｘｘ䨻䨻䨻䨻䨻䨻䨻䨻䨻䨻䨻䨻ｘｘｘｘｘｘｘｘｘｘｘｘｘｘ
ｘｘｘ䨻䨻䨻䨻ｘ䨻ｘ䨻ｘ䨻䨻䨻䨻䨻ｘｘｘｘｘｘｘｘｘｘｘｘｘ
ｘｘ䨻䨻䨻䨻ｘ䨻ｘ䨻ｘ䨻ｘ䨻ｘ䨻䨻䨻ｘｘｘｘｘｘｘｘｘｘｘｘ
ｘ䨻䨻䨻䨻ｘ䨻ｘ䨻ｘ䨻ｘ䨻ｘ䨻ｘ䨻䨻䨻ｘｘｘｘｘｘｘｘｘｘｘ
ｘ䨻䨻䨻ｘ䨻ｘ䨻ｘ䨻ｘ䨻ｘ䨻ｘ䨻䨻䨻䨻ｘｘｘｘｘ䨻䨻䨻ｘｘｘ
䨻䨻䨻ｘ䨻ｘ䨻ｘ䨻ｘ䨻ｘ䨻ｘ䨻ｘ䨻䨻䨻䨻ｘｘｘ䨻ｘｘｘ䨻ｘｘ
䨻䨻䨻䨻ｘ䨻ｘ䨻ｘ䨻ｘ䨻ｘ䨻ｘ䨻ｘ䨻䨻䨻ｘｘｘ䨻ｘｘｘ䨻ｘｘ
䨻䨻䨻ｘ䨻ｘ䨻ｘ䨻ｘ䨻ｘ䨻ｘ䨻ｘ䨻䨻䨻䨻ｘｘｘ䨻䨻䨻䨻䨻ｘｘ
䨻䨻䨻䨻ｘ䨻ｘ䨻ｘ䨻ｘ䨻ｘ䨻ｘ䨻ｘ䨻䨻䨻ｘｘ䨻䨻䨻䨻䨻䨻䨻ｘ
䨻䨻䨻ｘ䨻ｘ䨻ｘ䨻ｘ䨻ｘ䨻ｘ䨻ｘ䨻䨻䨻䨻ｘｘ䨻ｘｘｘｘｘ䨻ｘ
ｘ䨻䨻䨻ｘ䨻ｘ䨻ｘ䨻ｘ䨻ｘ䨻ｘ䨻ｘ䨻䨻䨻ｘ䨻䨻ｘｘｘｘｘ䨻䨻
ｘ䨻䨻䨻䨻ｘ䨻ｘ䨻ｘ䨻ｘ䨻ｘ䨻ｘ䨻䨻䨻ｘｘ䨻ｘｘｘｘｘｘｘ䨻
ｘｘ䨻䨻ｘ䨻ｘ䨻ｘ䨻ｘ䨻ｘ䨻ｘ䨻䨻䨻䨻ｘｘ䨻ｘ䨻ｘ䨻ｘ䨻ｘ䨻
ｘｘ䨻䨻䨻ｘ䨻ｘ䨻ｘ䨻ｘ䨻ｘ䨻䨻䨻䨻ｘｘｘ䨻䨻ｘ䨻ｘ䨻ｘ䨻䨻
ｘｘｘ䨻䨻䨻䨻䨻ｘ䨻ｘ䨻ｘ䨻䨻䨻䨻䨻ｘｘｘｘｘｘｘｘｘｘｘｘ
ｘｘｘｘ䨻䨻䨻䨻䨻䨻䨻䨻䨻䨻䨻䨻䨻䨻䨻ｘｘｘｘｘｘｘｘｘｘｘ
ｘｘｘｘｘ䨻䨻䨻䨻䨻䨻䨻䨻䨻䨻ｘｘ䨻䨻䨻ｘｘｘｘｘｘｘｘｘｘ
ｘｘｘｘｘｘｘ䨻䨻䨻䨻䨻䨻ｘｘｘｘｘ䨻䨻䨻ｘｘｘｘｘｘｘｘｘ
ｘｘｘｘｘｘｘｘｘｘｘｘｘｘｘｘｘｘｘ䨻䨻䨻ｘｘｘｘｘｘｘｘ
ｘｘｘｘｘｘ䨻䨻䨻䨻ｘｘｘｘｘｘｘｘｘｘ䨻䨻䨻ｘｘｘｘｘｘｘ
ｘｘｘｘｘｘ䨻ｘｘ䨻䨻䨻ｘｘｘｘｘｘｘｘｘ䨻䨻䨻ｘｘｘｘｘｘ
ｘｘｘｘｘｘｘ䨻ｘｘｘ䨻䨻䨻䨻ｘｘｘｘｘｘｘ䨻䨻䨻䨻ｘｘｘｘ
ｘｘｘｘｘｘ䨻ｘｘｘｘ䨻䨻ｘｘ䨻ｘｘｘｘｘｘｘ䨻䨻䨻䨻ｘｘｘ
ｘｘｘｘｘｘｘ䨻ｘｘｘ䨻䨻ｘｘ䨻ｘｘｘｘｘｘｘ䨻䨻䨻䨻䨻ｘｘ
ｘｘｘｘｘｘ䨻ｘｘｘｘ䨻䨻ｘｘ䨻ｘｘｘｘｘｘｘｘ䨻䨻䨻䨻䨻ｘ
ｘｘｘｘｘｘｘ䨻ｘｘｘ䨻䨻䨻䨻ｘｘｘｘｘｘｘｘｘｘ䨻䨻䨻䨻䨻
ｘｘｘｘｘｘ䨻ｘｘ䨻䨻䨻ｘｘｘｘｘｘｘｘｘｘｘｘｘｘ䨻䨻䨻ｘ
ｘｘｘｘｘｘ䨻䨻䨻䨻ｘｘｘｘｘｘｘｘｘｘｘｘｘｘｘｘｘ䨻ｘｘ
