# row clues
29
1 1 1
1 3 1 1 1 2 1 1 1
1 1 1 1 1 2 1 1 3 2 1
1 3 3 2 1 2 1 1 2 1
-
1 1 1 1 1 1 1 1 2 1
1 3 1 1 1 1 2 3 2 1
1 2 2 1
22 1
1 1 2 2 1 1 2 1
-
1 1 2 2 1 1 2 1
5 2 4 1
1 2 2 5 1 1
1 1 2 2 1 1 3 1
4 2 2 1 1 1 1
-
19 2
2 1 3
2 6 2 2 2
2 6 2 2 2 1 1
2 6 2 2 1 1
-
20 3 1
1 1 1 1 1 1
1 1 1 1 1 2 1 3 1
1 1 3 5 1
22 1 1 1
-
22 1 3
1 3 1 1 1
1 11
1 3
28

# col clues
6
9 3 1
1 1 2 1 1 6
1 5 1 2 1 2 1
1 1 1 1 1 2 2 1 2 1
-
1 1 3 1 2 3 2 1
1 8 4 1 2 1
1 4 1 1 2 4 2 1
1 1 1 8 4 2 1
1 4 1 2 1 4 2 1
-
1 1 2 1 2 1 2 1
1 5 3 1 1 1 2 1
1 1 2 2 1 2 1
1 1 1 3 1 2 1
1 5 1 2 1 8 1
-
1 1 2 1 3 2 1
1 5 1 2 2 1 1 2 1
1 1 1 1 3 3 2 1 1 2 1
1 2 2 1 2 1 2 1
9 2 1 11
-
1 11 2 7
1 1 1 1 2 1 2 1 7
1 3 10 3 1 1 1
1 1 2 1 5 1
1 2 1 2 1 1
-
1 3 1 3 1 1 1
1 2 2 1 2 1 1
1 2 2 1 5 1
1 3 1 1 1
28 1

# init board

# answer
ｘ䨻䨻䨻䨻䨻䨻䨻䨻䨻䨻䨻䨻䨻䨻䨻䨻䨻䨻䨻䨻䨻䨻䨻䨻䨻䨻䨻䨻䨻
ｘ䨻ｘｘｘｘｘｘｘｘｘｘｘｘｘｘｘｘｘ䨻ｘｘｘｘｘｘｘｘｘ䨻
ｘ䨻ｘ䨻䨻䨻ｘｘ䨻ｘｘ䨻ｘｘ䨻ｘ䨻䨻ｘ䨻ｘｘ䨻ｘｘｘｘｘｘ䨻
ｘ䨻ｘ䨻ｘｘｘ䨻ｘ䨻ｘ䨻ｘ䨻䨻ｘ䨻ｘｘ䨻ｘ䨻䨻䨻ｘｘ䨻䨻ｘ䨻
ｘ䨻ｘ䨻䨻䨻ｘ䨻䨻䨻ｘ䨻䨻ｘ䨻ｘ䨻䨻ｘ䨻ｘｘ䨻ｘｘｘ䨻䨻ｘ䨻
ｘ䨻ｘ䨻ｘ䨻ｘ䨻ｘ䨻ｘ䨻ｘｘ䨻ｘ䨻ｘｘ䨻䨻ｘｘｘｘｘｘｘｘ䨻
ｘ䨻ｘ䨻䨻䨻ｘ䨻ｘ䨻ｘ䨻ｘｘ䨻ｘ䨻䨻ｘ䨻䨻䨻ｘ䨻䨻ｘｘｘｘ䨻
ｘ䨻ｘｘｘｘｘｘｘｘｘｘｘｘｘｘｘｘｘ䨻䨻ｘｘ䨻䨻ｘｘｘｘ䨻
ｘ䨻䨻䨻䨻䨻䨻䨻䨻䨻䨻䨻䨻䨻䨻䨻䨻䨻䨻䨻䨻䨻䨻ｘｘｘｘｘｘ䨻
ｘｘｘｘｘｘ䨻ｘ䨻ｘｘ䨻䨻ｘｘｘｘ䨻䨻ｘ䨻ｘ䨻ｘｘｘ䨻䨻ｘ䨻
ｘｘｘｘｘｘ䨻ｘ䨻ｘ䨻䨻ｘｘｘｘ䨻䨻ｘｘ䨻ｘ䨻ｘｘｘ䨻䨻ｘ䨻
ｘｘｘｘｘｘ䨻䨻䨻䨻䨻ｘｘｘｘ䨻䨻ｘｘ䨻䨻䨻䨻ｘｘｘｘｘｘ䨻
ｘｘｘｘｘｘ䨻ｘ䨻䨻ｘｘｘｘ䨻䨻ｘｘ䨻䨻䨻䨻䨻ｘｘ䨻ｘｘｘ䨻
ｘｘｘｘｘｘ䨻ｘ䨻ｘｘｘｘ䨻䨻ｘｘ䨻䨻ｘ䨻ｘ䨻ｘ䨻䨻䨻ｘｘ䨻
ｘｘｘｘｘ䨻䨻䨻䨻ｘｘｘ䨻䨻ｘｘ䨻䨻ｘｘ䨻ｘ䨻ｘｘ䨻ｘｘｘ䨻
ｘｘｘｘ䨻䨻䨻䨻䨻䨻䨻䨻䨻䨻䨻䨻䨻䨻䨻䨻䨻䨻䨻ｘｘｘｘｘ䨻䨻
ｘｘｘ䨻䨻ｘｘｘｘｘｘｘｘｘｘｘｘｘｘｘｘｘ䨻ｘｘｘｘ䨻䨻䨻
ｘｘ䨻䨻ｘｘ䨻䨻䨻䨻䨻䨻ｘｘｘｘｘ䨻䨻ｘｘ䨻䨻ｘｘｘｘｘ䨻䨻
ｘ䨻䨻ｘｘ䨻䨻䨻䨻䨻䨻ｘｘｘ䨻䨻ｘ䨻䨻ｘ䨻䨻ｘｘｘ䨻ｘｘｘ䨻
䨻䨻ｘｘ䨻䨻䨻䨻䨻䨻ｘｘｘｘ䨻䨻ｘｘｘ䨻䨻ｘ䨻ｘｘｘｘｘｘ䨻
䨻䨻䨻䨻䨻䨻䨻䨻䨻䨻䨻䨻䨻䨻䨻䨻䨻䨻䨻䨻ｘ䨻䨻䨻ｘｘｘｘｘ䨻
䨻ｘｘｘｘｘｘｘｘｘｘｘｘｘ䨻ｘｘｘｘ䨻ｘｘ䨻ｘｘ䨻ｘｘｘ䨻
䨻ｘ䨻ｘ䨻ｘ䨻ｘｘｘｘｘｘｘ䨻ｘ䨻䨻ｘ䨻ｘｘｘｘ䨻䨻䨻ｘｘ䨻
䨻ｘｘｘｘｘｘｘｘｘｘｘｘｘ䨻ｘｘｘｘ䨻䨻䨻ｘ䨻䨻䨻䨻䨻ｘ䨻
䨻䨻䨻䨻䨻䨻䨻䨻䨻䨻䨻䨻䨻䨻䨻䨻䨻䨻䨻䨻䨻䨻ｘ䨻ｘｘｘ䨻ｘ䨻
ｘｘ䨻䨻䨻䨻䨻䨻䨻䨻䨻䨻䨻䨻䨻䨻䨻䨻䨻䨻䨻䨻䨻䨻ｘ䨻ｘ䨻䨻䨻
ｘｘ䨻ｘｘｘｘｘｘｘｘｘｘｘｘｘｘｘｘ䨻䨻䨻ｘ䨻ｘｘｘ䨻ｘ䨻
ｘｘ䨻ｘｘｘｘｘｘｘｘｘｘｘｘｘｘｘｘ䨻䨻䨻䨻䨻䨻䨻䨻䨻䨻䨻
ｘｘ䨻ｘｘｘｘｘｘｘｘｘｘｘｘｘｘｘｘ䨻䨻䨻ｘｘｘｘｘｘｘｘ
ｘｘ䨻䨻䨻䨻䨻䨻䨻䨻䨻䨻䨻䨻䨻䨻䨻䨻䨻䨻䨻䨻䨻䨻䨻䨻䨻䨻䨻䨻
