# row clues
16 9
4 10 8
4 9 2 8
4 8 2 1 7
4 7 1 1 5 1
-
2 1 3 2 1 1 1 1 1
1 1 1 1 2 1
2 1 2 1 1 1 1
1 8 1 3
4 1 6 4 4
-
1 13 9
4 6 13
1 1 6 7 3
1 1 2 1 7 1
3 3 1 1 5 1
-
1 2 2 2 2 3 2
1 3 6 2 2 2
1 2 3 5 2
1 5 1 6 2
1 8 1 1 7 1 1
-
1 2 1 1 1 4 1 1
1 1 1 1 1 4 2
1 3 1 1 1 7
6 1 2 1 4
1 2 1 1 4
-
4 2 1 1 1 1 5
2 1 1 2 1 1 1 5
1 3 2 1 1 1 1 1 4
1 5 2 1 1 1 1 5
1 7 2 1 1 1 4

# col clues
5 2 4 5
5 5 1 1 2
5 2 1 1 1 1 2
6 1 1 2 1 3 3
1 3 1 2 1 1 1 4
-
3 3 2 1 1 1 3
4 1 2 1 1 1 1 2 2
5 1 1 1 1 1 1 1 1
5 5 1 1 1 1 2
5 4 1 3 1 2
-
6 3 1 1 1 1 3
6 4 2 1 1 2
6 3 2 2 2 1
5 3 1 1 1 2 2
2 3 2 2 2
-
1 9 3 4
1 1 7 1 1 4
1 9 2 3
1 1 1 5 7
1 1 5 3 5
-
12 5 2
1 19
3 5 9 2
12 8 1
5 4 3 1
-
5 3 2 1 1 2 1
7 4 2 1 5
5 6 2 1 2 5
4 3 2 1 5
10 3 5

# init board

# answer
䨻䨻䨻䨻䨻䨻䨻䨻䨻䨻䨻䨻䨻䨻䨻䨻ｘｘｘｘｘ䨻䨻䨻䨻䨻䨻䨻䨻䨻
䨻䨻䨻䨻ｘ䨻䨻䨻䨻䨻䨻䨻䨻䨻䨻ｘｘｘｘｘｘｘ䨻䨻䨻䨻䨻䨻䨻䨻
䨻䨻䨻䨻ｘ䨻䨻䨻䨻䨻䨻䨻䨻䨻ｘｘｘ䨻䨻ｘｘｘ䨻䨻䨻䨻䨻䨻䨻䨻
䨻䨻䨻䨻ｘｘ䨻䨻䨻䨻䨻䨻䨻䨻ｘ䨻䨻ｘｘ䨻ｘｘｘ䨻䨻䨻䨻䨻䨻䨻
䨻䨻䨻䨻ｘｘｘ䨻䨻䨻䨻䨻䨻䨻ｘ䨻ｘｘｘｘ䨻ｘｘ䨻䨻䨻䨻䨻ｘ䨻
ｘｘｘ䨻䨻ｘ䨻ｘｘｘ䨻䨻䨻ｘｘ䨻䨻ｘ䨻ｘ䨻ｘｘ䨻ｘｘ䨻ｘｘ䨻
ｘｘｘｘ䨻ｘｘｘｘｘｘｘｘｘｘ䨻ｘｘｘｘ䨻ｘｘ䨻ｘｘ䨻䨻ｘ䨻
ｘｘｘｘ䨻䨻ｘ䨻ｘｘｘｘｘｘｘ䨻䨻ｘｘｘ䨻ｘｘ䨻ｘｘｘ䨻ｘ䨻
ｘｘｘｘｘ䨻ｘｘｘｘｘｘｘｘ䨻䨻䨻䨻䨻䨻䨻䨻ｘ䨻ｘｘｘ䨻䨻䨻
ｘｘｘ䨻䨻䨻䨻ｘ䨻ｘｘｘ䨻䨻䨻䨻䨻䨻ｘｘ䨻䨻䨻䨻ｘｘ䨻䨻䨻䨻
ｘｘ䨻ｘｘｘ䨻䨻䨻䨻䨻䨻䨻䨻䨻䨻䨻䨻䨻ｘ䨻䨻䨻䨻䨻䨻䨻䨻䨻ｘ
ｘ䨻䨻䨻䨻ｘｘｘ䨻䨻䨻䨻䨻䨻ｘ䨻䨻䨻䨻䨻䨻䨻䨻䨻䨻䨻䨻䨻ｘｘ
ｘ䨻ｘｘ䨻ｘ䨻䨻䨻䨻䨻䨻ｘｘｘｘ䨻䨻䨻䨻䨻䨻䨻ｘ䨻䨻䨻ｘｘｘ
ｘ䨻ｘｘｘ䨻ｘｘ䨻䨻ｘ䨻ｘｘｘｘ䨻䨻䨻䨻䨻䨻䨻ｘ䨻ｘｘｘｘｘ
ｘ䨻䨻䨻ｘ䨻䨻䨻ｘｘ䨻ｘｘ䨻ｘｘｘ䨻䨻䨻䨻䨻ｘｘｘ䨻ｘｘｘｘ
ｘ䨻ｘ䨻䨻ｘｘｘ䨻䨻ｘ䨻䨻ｘｘｘ䨻䨻ｘ䨻䨻䨻ｘｘｘ䨻䨻ｘｘｘ
䨻ｘｘｘｘ䨻䨻䨻ｘｘ䨻䨻䨻䨻䨻䨻ｘ䨻䨻ｘｘ䨻䨻ｘｘｘ䨻䨻ｘｘ
䨻ｘｘｘｘｘｘｘ䨻䨻ｘｘｘｘ䨻䨻䨻ｘ䨻䨻䨻䨻䨻ｘｘｘｘ䨻䨻ｘ
ｘ䨻ｘｘｘｘｘｘｘ䨻䨻䨻䨻䨻ｘ䨻ｘ䨻䨻䨻䨻䨻䨻ｘｘｘｘｘ䨻䨻
䨻ｘ䨻䨻䨻䨻䨻䨻䨻䨻ｘｘ䨻ｘ䨻ｘｘ䨻䨻䨻䨻䨻䨻䨻ｘｘｘ䨻ｘ䨻
䨻ｘｘｘｘｘｘｘｘｘ䨻䨻ｘｘ䨻ｘ䨻ｘ䨻ｘ䨻䨻䨻䨻ｘ䨻ｘｘｘ䨻
䨻ｘｘｘｘｘｘｘｘ䨻ｘｘｘ䨻ｘｘ䨻ｘ䨻ｘ䨻䨻䨻䨻ｘｘｘ䨻䨻ｘ
䨻ｘｘｘｘｘ䨻䨻䨻ｘｘｘｘ䨻ｘｘ䨻ｘ䨻ｘｘ䨻䨻䨻䨻䨻䨻䨻ｘｘ
ｘ䨻䨻䨻䨻䨻䨻ｘｘｘｘｘ䨻ｘｘ䨻䨻ｘｘ䨻ｘ䨻䨻䨻䨻ｘｘｘｘｘ
ｘｘｘ䨻ｘｘｘｘｘｘｘ䨻䨻ｘｘ䨻ｘｘｘ䨻ｘ䨻䨻䨻䨻ｘｘｘｘｘ
䨻䨻䨻䨻ｘｘｘｘｘｘ䨻䨻ｘｘｘ䨻ｘｘｘ䨻ｘ䨻ｘ䨻ｘ䨻䨻䨻䨻䨻
䨻䨻ｘｘ䨻ｘｘｘｘｘ䨻ｘｘｘ䨻䨻ｘｘｘ䨻ｘ䨻ｘ䨻ｘ䨻䨻䨻䨻䨻
䨻ｘｘ䨻䨻䨻ｘｘｘ䨻䨻ｘｘｘ䨻ｘｘ䨻ｘ䨻ｘｘ䨻ｘ䨻ｘ䨻䨻䨻䨻
䨻ｘ䨻䨻䨻䨻䨻ｘ䨻䨻ｘｘｘ䨻ｘｘｘ䨻ｘｘ䨻ｘ䨻ｘｘ䨻䨻䨻䨻䨻
䨻ｘ䨻䨻䨻䨻䨻䨻䨻ｘｘｘ䨻䨻ｘｘｘ䨻ｘｘ䨻ｘｘ䨻ｘｘ䨻䨻䨻䨻
