# row clues
6 4
2 1 2 1
1 1 1 1 1
1 1 1 1 1
2 1 1 4 1
-
1 1 1 1 5 2 1
1 1 1 2 2
1 4 9 4 1
1 2 1 2 2 1 1
6 4 3 1 1
-
7 11 3 2
7 12 4
7 2 2 3 4 2
7 4 13
6 21
-
5 2 6 2 2
1 2 6 4
3 1 5 10
2 2 3 8
3 2 4 5
-
4 5 1 1
3 3 1 2 2
1 1 1 1 5
1 2 1 1
1 1 2 2
-
1 2 3 3
2 2 4
3 3 7
2 8 5
7 6 7 2

# col clues
3 6 1
3 6 5 2 1
4 8 6 3
2 2 1 7 1 3 2
1 10 1 1
-
1 9 3 1
1 1 5 2 1
1 4 1 1
1 2 1 3
1 3 7
-
3 12 1
7 3 4 1
5 2 1
1 4 1 3 1
1 4 1 3 1
-
2 2 2 2 2
2 2 3 3
1 1 7 2
2 1 8 3
5 10 2
-
2 3 2 5 2
1 2 1 6 2 2
1 2 3 4 2 2
1 2 1 3 5 1 1 1
1 3 1 4 3 1 3 1
-
4 1 1 4 3 2 3
1 2 2 4 1 3
1 1 2 3 1 4
1 3 5 2 2 3
1 6 4 6 3

# init board
、、、、、、、、、、、、ｘｘｘｘｘｘｘ、䨻䨻䨻
、、、、、、、、、、、、ｘ、ｘ、、、ｘ䨻䨻ｘｘ
、、、、、、、、、、、、ｘ、ｘ、、、ｘ䨻ｘ
、、、、、、、、、、、、ｘ、ｘ、、、ｘ䨻ｘ、、、ｘ䨻ｘ
、、、、、、、、、、、、ｘ、ｘ、、、䨻䨻
、、、、、、、、、、、、ｘ、ｘ、、、䨻
、、、、、、、、、、、、ｘ、ｘ、、、ｘｘ䨻、、、䨻、、、、ｘ
、、、、、、、、、、、、䨻、䨻䨻、、䨻䨻、、、、、、、、ｘ䨻
、、、、、、、、、、、、䨻ｘｘ、、ｘｘ䨻、、、、、、、、ｘ䨻
、、、、䨻䨻、、、、ｘ䨻䨻䨻䨻ｘｘ䨻䨻䨻ｘ、、、ｘｘｘ、ｘ䨻
、䨻䨻䨻䨻䨻䨻、ｘｘ䨻䨻䨻䨻䨻䨻䨻䨻䨻䨻䨻ｘｘｘ䨻䨻䨻ｘ䨻䨻
、䨻䨻䨻䨻䨻䨻、ｘ、䨻䨻䨻䨻䨻䨻䨻䨻䨻䨻䨻、ｘｘｘｘ䨻䨻䨻䨻
、䨻䨻䨻䨻䨻䨻、ｘ、䨻、ｘ䨻䨻ｘｘ䨻䨻䨻ｘｘ䨻䨻䨻䨻ｘｘ䨻䨻
、䨻䨻䨻䨻䨻䨻、ｘ䨻䨻䨻䨻ｘｘ䨻䨻䨻䨻䨻䨻䨻䨻䨻䨻䨻䨻䨻ｘｘ
、、䨻䨻䨻䨻、、ｘ䨻䨻䨻䨻䨻䨻䨻䨻䨻䨻䨻䨻䨻䨻䨻䨻䨻䨻䨻䨻䨻
、、、䨻䨻、、、ｘ、䨻、ｘｘｘｘ䨻䨻䨻䨻䨻䨻ｘｘ䨻䨻ｘｘ䨻䨻
、、、、、、、、ｘ、䨻、ｘｘｘｘｘｘ䨻䨻䨻䨻䨻䨻ｘｘ䨻䨻䨻䨻
、䨻䨻、、、、䨻䨻䨻䨻、ｘｘｘｘｘｘｘｘ䨻䨻䨻䨻䨻䨻䨻䨻䨻䨻
、䨻、、、、、、ｘ䨻䨻䨻ｘｘｘｘｘｘｘｘｘ䨻䨻䨻䨻䨻䨻䨻䨻ｘ
、䨻䨻、、䨻、、䨻䨻䨻、ｘｘｘｘｘｘｘｘｘｘ䨻䨻䨻䨻䨻ｘｘｘ
、、䨻䨻、、、䨻䨻䨻䨻、ｘｘｘｘｘｘｘｘｘｘｘ䨻ｘｘｘｘｘ䨻
ｘ、、、、、、ｘ䨻䨻䨻ｘｘ、、、ｘｘｘｘｘｘｘｘ䨻䨻ｘｘ䨻䨻
䨻ｘ、、、ｘ、、ｘ䨻ｘ、ｘ、、、ｘｘｘｘｘｘｘｘｘ䨻䨻䨻䨻䨻
䨻ｘ、、、ｘ、、ｘ、、、ｘ、、、ｘｘｘｘｘ䨻ｘｘｘｘｘｘｘ䨻
䨻ｘ、、、ｘ、、ｘｘ、、ｘ、、、ｘｘｘｘｘ䨻䨻ｘｘｘｘｘ䨻䨻
䨻ｘｘ、、ｘ、、ｘｘ、、ｘ、、、ｘｘｘｘｘｘ䨻䨻䨻ｘｘ䨻䨻䨻
䨻䨻ｘ、、ｘ、、ｘｘ、、ｘ、、、、ｘｘｘｘｘｘｘ䨻䨻䨻䨻ｘｘ
䨻䨻䨻ｘｘｘｘｘｘｘｘｘｘｘｘｘ䨻䨻䨻ｘｘｘｘ䨻䨻䨻䨻䨻䨻䨻
ｘｘ䨻䨻ｘｘｘｘｘｘｘｘｘｘｘ䨻䨻䨻䨻䨻䨻䨻䨻ｘｘ䨻䨻䨻䨻䨻
䨻䨻䨻䨻䨻䨻䨻ｘｘｘ、䨻䨻䨻䨻䨻、ｘ䨻䨻䨻䨻䨻䨻䨻ｘｘｘ䨻䨻

# answer
ｘｘｘ䨻䨻䨻䨻䨻䨻ｘｘｘｘｘｘｘｘｘｘｘ䨻䨻䨻䨻ｘｘｘｘｘｘ
ｘｘ䨻䨻ｘｘｘｘｘ䨻ｘｘｘｘｘｘｘｘｘ䨻䨻ｘｘｘ䨻ｘｘｘｘｘ
ｘｘ䨻ｘｘｘｘｘｘｘ䨻ｘｘｘｘｘｘｘｘ䨻ｘｘ䨻ｘｘ䨻ｘｘｘｘ
ｘｘ䨻ｘｘｘｘｘｘｘ䨻ｘｘｘｘｘｘｘｘ䨻ｘｘ䨻ｘｘ䨻ｘｘｘｘ
ｘｘ䨻䨻ｘｘｘｘ䨻ｘ䨻ｘｘｘｘｘｘｘ䨻䨻䨻䨻ｘｘｘ䨻ｘｘｘｘ
ｘ䨻ｘ䨻ｘｘｘｘ䨻ｘｘ䨻ｘｘｘｘｘ䨻䨻䨻䨻䨻ｘｘ䨻䨻ｘｘｘ䨻
ｘ䨻ｘｘｘｘｘｘｘｘｘ䨻ｘｘｘｘｘｘｘｘ䨻ｘｘ䨻䨻ｘｘ䨻䨻ｘ
ｘ䨻ｘ䨻䨻䨻䨻ｘｘｘｘ䨻䨻䨻䨻䨻䨻䨻䨻䨻ｘｘｘ䨻䨻䨻䨻ｘｘ䨻
ｘｘ䨻ｘ䨻䨻ｘ䨻ｘｘｘ䨻䨻ｘｘ䨻䨻ｘｘ䨻ｘｘｘｘｘｘｘｘｘ䨻
ｘｘ䨻䨻䨻䨻䨻䨻ｘｘｘ䨻䨻䨻䨻ｘｘ䨻䨻䨻ｘｘｘ䨻ｘｘｘｘｘ䨻
ｘ䨻䨻䨻䨻䨻䨻䨻ｘｘ䨻䨻䨻䨻䨻䨻䨻䨻䨻䨻䨻ｘｘｘ䨻䨻䨻ｘ䨻䨻
ｘ䨻䨻䨻䨻䨻䨻䨻ｘｘ䨻䨻䨻䨻䨻䨻䨻䨻䨻䨻䨻䨻ｘｘｘｘ䨻䨻䨻䨻
䨻䨻䨻䨻䨻䨻䨻ｘｘ䨻䨻ｘｘ䨻䨻ｘｘ䨻䨻䨻ｘｘ䨻䨻䨻䨻ｘｘ䨻䨻
䨻䨻䨻䨻䨻䨻䨻ｘｘ䨻䨻䨻䨻ｘｘ䨻䨻䨻䨻䨻䨻䨻䨻䨻䨻䨻䨻䨻ｘｘ
䨻䨻䨻䨻䨻䨻ｘｘｘ䨻䨻䨻䨻䨻䨻䨻䨻䨻䨻䨻䨻䨻䨻䨻䨻䨻䨻䨻䨻䨻
ｘ䨻䨻䨻䨻䨻ｘｘｘｘ䨻䨻ｘｘｘｘ䨻䨻䨻䨻䨻䨻ｘｘ䨻䨻ｘｘ䨻䨻
ｘｘｘｘ䨻ｘｘｘｘ䨻䨻ｘｘｘｘｘｘｘ䨻䨻䨻䨻䨻䨻ｘｘ䨻䨻䨻䨻
ｘ䨻䨻䨻ｘ䨻ｘ䨻䨻䨻䨻䨻ｘｘｘｘｘｘｘｘ䨻䨻䨻䨻䨻䨻䨻䨻䨻䨻
ｘ䨻䨻ｘｘ䨻䨻ｘｘ䨻䨻䨻ｘｘｘｘｘｘｘｘｘ䨻䨻䨻䨻䨻䨻䨻䨻ｘ
ｘ䨻䨻䨻ｘ䨻䨻ｘ䨻䨻䨻䨻ｘｘｘｘｘｘｘｘｘｘ䨻䨻䨻䨻䨻ｘｘｘ
ｘ䨻䨻䨻䨻ｘｘ䨻䨻䨻䨻䨻ｘｘｘｘｘｘｘｘｘｘｘ䨻ｘｘｘｘｘ䨻
ｘ䨻䨻䨻ｘｘｘｘ䨻䨻䨻ｘｘ䨻ｘｘｘｘｘｘｘｘｘｘ䨻䨻ｘｘ䨻䨻
䨻ｘ䨻ｘｘｘｘｘｘ䨻ｘｘｘ䨻ｘｘｘｘｘｘｘｘｘｘｘ䨻䨻䨻䨻䨻
䨻ｘｘｘｘｘｘｘｘｘｘｘｘ䨻䨻ｘｘｘｘｘｘ䨻ｘｘｘｘｘｘｘ䨻
䨻ｘｘｘｘｘｘｘｘｘｘｘｘｘ䨻ｘｘｘｘｘｘ䨻䨻ｘｘｘｘｘ䨻䨻
䨻ｘｘｘｘｘｘｘｘｘｘｘｘｘ䨻䨻ｘｘｘｘｘｘ䨻䨻䨻ｘｘ䨻䨻䨻
䨻䨻ｘｘｘｘｘｘｘｘｘｘｘｘｘ䨻䨻ｘｘｘｘｘｘｘ䨻䨻䨻䨻ｘｘ
䨻䨻䨻ｘｘｘｘｘｘｘｘｘｘｘｘｘ䨻䨻䨻ｘｘｘｘ䨻䨻䨻䨻䨻䨻䨻
ｘｘ䨻䨻ｘｘｘｘｘｘｘｘｘｘｘ䨻䨻䨻䨻䨻䨻䨻䨻ｘｘ䨻䨻䨻䨻䨻
䨻䨻䨻䨻䨻䨻䨻ｘｘｘ䨻䨻䨻䨻䨻䨻ｘｘ䨻䨻䨻䨻䨻䨻䨻ｘｘｘ䨻䨻
