# row clues
30
3 1 3 1 3 1 1 2
3 3 3 1 1 1 1 1 3 1 2
3 1 3 1 1 1 1 1 1 3
3 3 3 1 1 1 1 1 3 1 2
-
3 3 1 2 1 2 1 1 2
30
5 5 5 5
3 3 3 3
2
-
1 1 1 2 2 1 1 1 1 1 1 1 1 1
8 20
2 1 2 2 1 2 1 1 1 1 1
1 2 2 2 1 1 1 1 1 1 1
2 4 2 3 12
-
2 2 2 2 1
2 4 2 1 12
2 3 1 2 1 1 2 2
2 3 3 2 1 2 2
3 2 1 1 1 1 2 2 1
-
3 2 3 1 3 2 2
2 3 2 1 2 2 3
2 3 6 1 1 2 3
13 1 1 2 3
1 1 1 3 3
-
2 1 1 2 3 1
5 5 1 1 1 3 2
13 1 1 1 3 3
1 1 1 1 1 1 1 1 3 3
1 1 1 1 1 1 1 4 3

# col clues
7 2 1 2 2 1 3
8 1 2 2 2 1 1
9 3 2 2 2 4
1 3 2 2 2 1 2
1 1 5 2 2 7 2
-
1 1 4 4 2 3 2
7 2 5 3 4
1 1 2 3 2 1 1
5 1 1 2 1 2 1 4
5 2 1 2 3 3 2
-
9 2 2 1 3 2
1 3 2 2 3 2 2
1 3 3 3 2 1 2 4
1 2 4 2 1 2
7 1 2 2 8
-
1 2 2 2 1
5 1 4 2 11
2 3 2
5 3 19
1 4 3 1 1 2 2 1
-
9 1 2 1 2 2 2
1 2 3 1 1 2 2 3
1 1 1 1 1 2 3 2 3
1 1 1 1 3 1 2 2 3
7 1 2 1 2 3
-
1 2 3 1 1 2 3 1
1 1 5 1 2 3 3 2
1 1 3 3 1 2 3 3
9 1 2 1 3 3
8 3 1 1 3 3

# init board

# answer
䨻䨻䨻䨻䨻䨻䨻䨻䨻䨻䨻䨻䨻䨻䨻䨻䨻䨻䨻䨻䨻䨻䨻䨻䨻䨻䨻䨻䨻䨻
䨻䨻䨻ｘｘｘ䨻ｘ䨻䨻䨻ｘｘｘ䨻ｘ䨻䨻䨻ｘ䨻ｘｘｘ䨻ｘｘｘ䨻䨻
䨻䨻䨻ｘ䨻䨻䨻ｘ䨻䨻䨻ｘ䨻ｘ䨻ｘ䨻ｘ䨻ｘ䨻ｘ䨻䨻䨻ｘ䨻ｘ䨻䨻
䨻䨻䨻ｘｘｘ䨻ｘ䨻䨻䨻ｘ䨻ｘ䨻ｘ䨻ｘ䨻ｘ䨻ｘｘｘ䨻ｘｘ䨻䨻䨻
䨻䨻䨻ｘ䨻䨻䨻ｘ䨻䨻䨻ｘ䨻ｘ䨻ｘ䨻ｘ䨻ｘ䨻ｘ䨻䨻䨻ｘ䨻ｘ䨻䨻
䨻䨻䨻ｘ䨻䨻䨻ｘｘｘ䨻ｘｘｘ䨻䨻ｘ䨻ｘ䨻䨻ｘｘｘ䨻ｘ䨻ｘ䨻䨻
䨻䨻䨻䨻䨻䨻䨻䨻䨻䨻䨻䨻䨻䨻䨻䨻䨻䨻䨻䨻䨻䨻䨻䨻䨻䨻䨻䨻䨻䨻
ｘ䨻䨻䨻䨻䨻ｘｘｘ䨻䨻䨻䨻䨻ｘｘｘ䨻䨻䨻䨻䨻ｘｘｘ䨻䨻䨻䨻䨻
ｘｘ䨻䨻䨻ｘｘｘｘｘ䨻䨻䨻ｘｘｘｘｘ䨻䨻䨻ｘｘｘｘｘ䨻䨻䨻ｘ
ｘｘｘｘｘｘｘｘ䨻䨻ｘｘｘｘｘｘｘｘｘｘｘｘｘｘｘｘｘｘｘｘ
䨻ｘ䨻ｘ䨻ｘ䨻䨻ｘｘ䨻䨻ｘ䨻ｘ䨻ｘ䨻ｘ䨻ｘ䨻ｘ䨻ｘ䨻ｘ䨻ｘ䨻
䨻䨻䨻䨻䨻䨻䨻䨻ｘｘ䨻䨻䨻䨻䨻䨻䨻䨻䨻䨻䨻䨻䨻䨻䨻䨻䨻䨻䨻䨻
ｘｘ䨻䨻ｘ䨻ｘｘ䨻䨻ｘｘ䨻䨻ｘｘ䨻ｘ䨻䨻ｘ䨻ｘ䨻ｘ䨻ｘ䨻ｘ䨻
ｘ䨻ｘｘ䨻䨻ｘｘ䨻䨻ｘｘ䨻䨻ｘｘ䨻ｘ䨻ｘ䨻ｘ䨻ｘ䨻ｘ䨻ｘ䨻ｘ
䨻䨻ｘｘ䨻䨻䨻䨻ｘｘ䨻䨻ｘｘ䨻䨻䨻ｘ䨻䨻䨻䨻䨻䨻䨻䨻䨻䨻䨻䨻
ｘｘ䨻䨻ｘｘ䨻䨻ｘｘ䨻䨻ｘｘ䨻䨻ｘｘ䨻ｘｘｘｘｘｘｘｘｘｘｘ
ｘｘ䨻䨻ｘｘ䨻䨻䨻䨻ｘｘ䨻䨻ｘｘ䨻ｘ䨻䨻䨻䨻䨻䨻䨻䨻䨻䨻䨻䨻
䨻䨻ｘｘ䨻䨻䨻ｘｘ䨻ｘｘ䨻䨻ｘｘ䨻ｘ䨻ｘｘｘ䨻䨻ｘｘ䨻䨻ｘｘ
䨻䨻ｘｘ䨻䨻䨻ｘｘ䨻䨻䨻ｘｘ䨻䨻ｘｘ䨻ｘｘ䨻䨻ｘｘ䨻䨻ｘｘｘ
ｘｘ䨻䨻䨻ｘｘ䨻䨻ｘｘ䨻ｘｘ䨻ｘ䨻ｘ䨻ｘ䨻䨻ｘｘ䨻䨻ｘｘｘ䨻
ｘｘ䨻䨻䨻ｘｘ䨻䨻ｘｘ䨻䨻䨻ｘｘ䨻ｘ䨻䨻䨻ｘｘ䨻䨻ｘｘｘ䨻䨻
䨻䨻ｘｘ䨻䨻䨻ｘｘ䨻䨻ｘｘｘｘｘ䨻ｘ䨻䨻ｘｘ䨻䨻ｘｘｘ䨻䨻䨻
䨻䨻ｘｘ䨻䨻䨻ｘｘ䨻䨻䨻䨻䨻䨻ｘ䨻ｘ䨻ｘｘ䨻䨻ｘｘｘ䨻䨻䨻ｘ
ｘｘ䨻䨻䨻䨻䨻䨻䨻䨻䨻䨻䨻䨻䨻ｘ䨻ｘ䨻ｘ䨻䨻ｘｘｘ䨻䨻䨻ｘｘ
ｘｘ䨻ｘｘｘｘｘｘｘｘｘｘｘ䨻ｘ䨻ｘ䨻䨻䨻ｘｘｘ䨻䨻䨻ｘｘｘ
䨻䨻ｘｘｘｘｘｘｘｘｘｘｘｘ䨻ｘ䨻ｘ䨻䨻ｘｘｘ䨻䨻䨻ｘｘｘ䨻
ｘｘ䨻䨻䨻䨻䨻ｘ䨻䨻䨻䨻䨻ｘ䨻ｘ䨻ｘ䨻ｘｘｘ䨻䨻䨻ｘｘｘ䨻䨻
䨻䨻䨻䨻䨻䨻䨻䨻䨻䨻䨻䨻䨻ｘ䨻ｘ䨻ｘ䨻ｘｘ䨻䨻䨻ｘｘｘ䨻䨻䨻
䨻ｘ䨻ｘｘｘ䨻ｘ䨻ｘｘｘ䨻ｘ䨻ｘ䨻ｘ䨻ｘ䨻䨻䨻ｘｘｘ䨻䨻䨻ｘ
䨻ｘ䨻ｘｘｘ䨻ｘ䨻ｘｘｘ䨻ｘ䨻ｘ䨻ｘ䨻䨻䨻䨻ｘｘｘ䨻䨻䨻ｘｘ
