# row clues
9
3 3
3 2
3 3 3
3 5 5
-
4 15
6 4 4
2 5 2 2
2 5 2 2
2 6 1 1
-
2 8 2 2 1
2 8 3 3 1
1 7 3 3 1
2 7 3 3 1
1 7 2
-
1 7 3 1
1 8 1 2
2 9 2
3 17
5 7 7
-
7 7 8
8 7 1 6
9 7 7
9 6 6
9 9 6
-
10 7 4
10 6
9 6
8 4
6

# col clues
13
3 10
2 10
2 10
2 11
-
2 10
2 10
2 9
8 8
11 5
-
17 1 3
2 16 1
2 16 1
1 17
2 18
-
1 3 21
1 6 15
1 5 13
1 4 3 2 7
1 2 4 1 1 3
-
1 1 4 3
1 1 1 3
2 1 2 5
1 1 1 7
2 1 4 8
-
1 2 4 8
4 3 9
5 2 6
6 3 3
3 7

# init board

# answer
ｘｘｘｘｘｘｘｘｘｘｘｘｘｘ䨻䨻䨻䨻䨻䨻䨻䨻䨻ｘｘｘｘｘｘｘ
ｘｘｘｘｘｘｘｘｘｘｘｘ䨻䨻䨻ｘｘｘｘｘｘｘ䨻䨻䨻ｘｘｘｘｘ
ｘｘｘｘｘｘｘｘｘｘ䨻䨻䨻ｘｘｘｘｘｘｘｘｘｘｘ䨻䨻ｘｘｘｘ
ｘｘｘｘｘｘｘｘｘ䨻䨻䨻ｘｘｘｘ䨻䨻䨻ｘｘｘｘｘｘｘ䨻䨻䨻ｘ
ｘｘｘｘｘｘｘｘ䨻䨻䨻ｘｘｘｘ䨻䨻䨻䨻䨻ｘｘｘｘｘ䨻䨻䨻䨻䨻
ｘｘｘｘｘｘｘ䨻䨻䨻䨻ｘｘｘｘ䨻䨻䨻䨻䨻䨻䨻䨻䨻䨻䨻䨻䨻䨻䨻
ｘｘｘｘｘｘ䨻䨻䨻䨻䨻䨻ｘｘｘ䨻䨻䨻䨻ｘｘｘｘｘｘｘ䨻䨻䨻䨻
ｘｘｘｘｘ䨻䨻ｘ䨻䨻䨻䨻䨻ｘｘｘ䨻䨻ｘｘｘｘｘｘｘｘｘ䨻䨻ｘ
ｘｘｘｘ䨻䨻ｘｘ䨻䨻䨻䨻䨻ｘｘ䨻䨻ｘｘｘｘｘｘｘｘｘｘｘ䨻䨻
ｘｘｘ䨻䨻ｘｘｘ䨻䨻䨻䨻䨻䨻ｘ䨻ｘｘｘｘｘｘｘｘｘｘｘｘｘ䨻
ｘｘ䨻䨻ｘｘｘｘ䨻䨻䨻䨻䨻䨻䨻䨻ｘｘｘ䨻䨻ｘｘｘ䨻䨻ｘｘｘ䨻
ｘ䨻䨻ｘｘｘｘｘ䨻䨻䨻䨻䨻䨻䨻䨻ｘｘ䨻䨻䨻ｘｘｘ䨻䨻䨻ｘｘ䨻
ｘ䨻ｘｘｘｘｘｘｘ䨻䨻䨻䨻䨻䨻䨻ｘｘ䨻䨻䨻ｘｘｘ䨻䨻䨻ｘｘ䨻
䨻䨻ｘｘｘｘｘｘｘ䨻䨻䨻䨻䨻䨻䨻ｘｘ䨻䨻䨻ｘｘｘ䨻䨻䨻ｘｘ䨻
䨻ｘｘｘｘｘｘｘｘｘ䨻䨻䨻䨻䨻䨻䨻ｘｘｘｘｘｘｘｘｘｘｘ䨻䨻
䨻ｘｘｘｘｘｘｘｘｘ䨻䨻䨻䨻䨻䨻䨻ｘｘｘｘ䨻䨻䨻ｘｘｘｘ䨻ｘ
䨻ｘｘｘｘｘｘｘｘｘ䨻䨻䨻䨻䨻䨻䨻䨻ｘｘｘｘ䨻ｘｘｘｘ䨻䨻ｘ
䨻䨻ｘｘｘｘｘｘｘｘ䨻䨻䨻䨻䨻䨻䨻䨻䨻ｘｘｘｘｘｘｘ䨻䨻ｘｘ
䨻䨻䨻ｘｘｘｘｘｘｘ䨻䨻䨻䨻䨻䨻䨻䨻䨻䨻䨻䨻䨻䨻䨻䨻䨻ｘｘｘ
䨻䨻䨻䨻䨻ｘｘｘｘｘｘ䨻䨻䨻䨻䨻䨻䨻ｘｘ䨻䨻䨻䨻䨻䨻䨻ｘｘｘ
䨻䨻䨻䨻䨻䨻䨻ｘｘｘｘ䨻䨻䨻䨻䨻䨻䨻ｘｘ䨻䨻䨻䨻䨻䨻䨻䨻ｘｘ
䨻䨻䨻䨻䨻䨻䨻䨻ｘｘｘ䨻䨻䨻䨻䨻䨻䨻ｘ䨻ｘｘ䨻䨻䨻䨻䨻䨻ｘｘ
䨻䨻䨻䨻䨻䨻䨻䨻䨻ｘｘｘ䨻䨻䨻䨻䨻䨻䨻ｘｘｘ䨻䨻䨻䨻䨻䨻䨻ｘ
䨻䨻䨻䨻䨻䨻䨻䨻䨻ｘｘｘｘ䨻䨻䨻䨻䨻䨻ｘｘｘｘ䨻䨻䨻䨻䨻䨻ｘ
䨻䨻䨻䨻䨻䨻䨻䨻䨻ｘ䨻䨻䨻䨻䨻䨻䨻䨻䨻ｘｘｘｘ䨻䨻䨻䨻䨻䨻ｘ
䨻䨻䨻䨻䨻䨻䨻䨻䨻䨻ｘｘｘ䨻䨻䨻䨻䨻䨻䨻ｘｘｘｘ䨻䨻䨻䨻ｘｘ
ｘ䨻䨻䨻䨻䨻䨻䨻䨻䨻䨻ｘｘｘ䨻䨻䨻䨻䨻䨻ｘｘｘｘｘｘｘｘｘｘ
ｘｘ䨻䨻䨻䨻䨻䨻䨻䨻䨻ｘｘｘ䨻䨻䨻䨻䨻䨻ｘｘｘｘｘｘｘｘｘｘ
ｘｘｘ䨻䨻䨻䨻䨻䨻䨻䨻ｘｘｘｘ䨻䨻䨻䨻ｘｘｘｘｘｘｘｘｘｘｘ
ｘｘｘｘ䨻䨻䨻䨻䨻䨻ｘｘｘｘｘｘｘｘｘｘｘｘｘｘｘｘｘｘｘｘ
