# row clues
11
2 1
2 2
1 1
1 6 1
-
3 3 1
2 3 1
1 2 1
1 1 1 2 1
1 1 1 4
-
1 1 2
1 5 4
1 5 1 3 5 4
2 8 1 6 1 1 1
4 1 4 8 3 2
-
1 2 4 2 1 1 1 2 5
1 7 3 1 1 2 3 3 1
8 5 1 3 4 2
5 7 9 4
2 3 7 4 1 3
-
3 1 12 1 2
4 13 2
5 6 2 3 1
3 1 11 6 4
1 1 2 5 1 1 2
-
2 1 5 1 3 2
2 1 1 1 2 3
13 1 2 4
1 1 1 1 1 1 7 5
2 3 3 19

# col clues
3 2 4 6
3 1 5 3 1
1 3 5 2
7 3 1 1
2 6 1 1 3
-
3 4 1 2 1 1
2 4 3 4
6 6 1 1
5 8 3
3 9 1 1
-
10 2 10 2
2 2 1 11 1 1
2 2 1 7 1 5
1 1 2 1 1 5 1 2
1 1 2 3 1 2 1 2
-
1 1 2 1 1 3 1 2
1 1 2 1 1 4 1 2
1 2 2 1 2 13
1 2 2 4 1 2
1 2 7 1 1
-
1 9 1 1 1 1
1 3 3 4 1 1 1
2 5 4 1 1
1 6 3 1 1 1 1
6 2 2 1 1 1 1
-
4 1 1 3 2
1 3 1 4 4
2 2 2 3 4
1 2 4 3 3
3 5 4 3

# init board

# answer
ｘｘｘｘｘｘｘｘｘｘｘｘ䨻䨻䨻䨻䨻䨻䨻䨻䨻䨻䨻ｘｘｘｘｘｘｘ
ｘｘｘｘｘｘｘｘｘｘｘ䨻䨻ｘｘｘｘｘｘｘｘｘ䨻ｘｘｘｘｘｘｘ
ｘｘｘｘｘｘｘｘｘｘ䨻䨻ｘｘｘｘｘｘｘｘｘｘｘ䨻䨻ｘｘｘｘｘ
ｘｘｘｘｘｘｘｘｘｘ䨻ｘｘｘｘｘｘｘｘｘｘｘｘｘ䨻ｘｘｘｘｘ
ｘｘｘｘｘｘｘｘｘｘ䨻ｘ䨻䨻䨻䨻䨻䨻ｘｘｘｘｘｘ䨻ｘｘｘｘｘ
ｘｘｘｘｘｘｘｘｘｘ䨻䨻䨻ｘｘｘｘ䨻䨻䨻ｘｘｘｘ䨻ｘｘｘｘｘ
ｘｘｘｘｘｘｘｘｘｘ䨻䨻ｘｘｘｘｘｘ䨻䨻䨻ｘｘｘ䨻ｘｘｘｘｘ
ｘｘｘｘｘｘｘｘｘｘ䨻ｘｘｘｘｘｘｘｘｘ䨻䨻ｘｘ䨻ｘｘｘｘｘ
ｘｘｘｘｘｘｘｘｘｘ䨻ｘｘ䨻ｘｘｘ䨻ｘｘ䨻䨻ｘ䨻ｘｘｘｘｘｘ
ｘｘｘｘｘｘｘｘｘｘ䨻ｘｘ䨻ｘｘｘ䨻ｘｘ䨻䨻䨻䨻ｘｘｘｘｘｘ
ｘｘｘｘｘｘｘｘｘｘ䨻ｘｘｘｘｘｘｘｘｘ䨻ｘ䨻䨻ｘｘｘｘｘｘ
ｘｘｘｘｘｘｘｘｘｘ䨻ｘｘ䨻䨻䨻䨻䨻ｘｘ䨻䨻䨻䨻ｘｘｘｘｘｘ
䨻ｘｘｘ䨻䨻䨻䨻䨻ｘｘ䨻ｘｘ䨻䨻䨻ｘｘ䨻䨻䨻䨻䨻ｘｘ䨻䨻䨻䨻
䨻䨻ｘ䨻䨻䨻䨻䨻䨻䨻䨻ｘ䨻ｘｘｘｘｘ䨻䨻䨻䨻䨻䨻ｘ䨻ｘ䨻ｘ䨻
䨻䨻䨻䨻ｘ䨻ｘ䨻䨻䨻䨻ｘｘ䨻䨻䨻䨻䨻䨻䨻䨻ｘｘｘ䨻䨻䨻ｘ䨻䨻
ｘ䨻ｘ䨻䨻ｘ䨻䨻䨻䨻ｘ䨻䨻ｘ䨻ｘｘ䨻ｘ䨻ｘ䨻䨻ｘ䨻䨻䨻䨻䨻ｘ
䨻ｘ䨻䨻䨻䨻䨻䨻䨻ｘ䨻䨻䨻ｘ䨻ｘ䨻ｘ䨻䨻ｘ䨻䨻䨻ｘ䨻䨻䨻ｘ䨻
䨻䨻䨻䨻䨻䨻䨻䨻ｘ䨻䨻䨻䨻䨻ｘ䨻ｘ䨻䨻䨻ｘ䨻䨻䨻䨻ｘｘｘ䨻䨻
ｘｘ䨻䨻䨻䨻䨻ｘ䨻䨻䨻䨻䨻䨻䨻ｘ䨻䨻䨻䨻䨻䨻䨻䨻䨻ｘ䨻䨻䨻䨻
䨻䨻ｘ䨻䨻䨻ｘ䨻䨻䨻䨻䨻䨻䨻ｘ䨻䨻䨻䨻ｘｘｘｘｘｘ䨻ｘ䨻䨻䨻
䨻䨻䨻ｘ䨻ｘ䨻䨻䨻䨻䨻䨻䨻䨻䨻䨻䨻䨻ｘｘｘｘｘｘｘｘ䨻ｘ䨻䨻
䨻䨻䨻䨻ｘ䨻䨻䨻䨻䨻䨻䨻䨻䨻䨻䨻䨻䨻ｘｘｘｘｘｘｘｘ䨻䨻ｘｘ
䨻䨻䨻䨻䨻ｘ䨻䨻䨻䨻䨻䨻ｘｘｘｘｘ䨻䨻ｘｘｘｘｘｘ䨻䨻䨻ｘ䨻
ｘ䨻䨻䨻ｘ䨻ｘ䨻䨻䨻䨻䨻䨻䨻䨻䨻䨻䨻ｘ䨻䨻䨻䨻䨻䨻ｘ䨻䨻䨻䨻
䨻ｘ䨻ｘ䨻䨻ｘ䨻䨻䨻䨻䨻ｘｘｘｘｘ䨻ｘｘｘｘｘｘｘ䨻ｘｘ䨻䨻
䨻䨻ｘｘｘｘ䨻ｘ䨻䨻䨻䨻䨻ｘｘｘｘ䨻ｘｘｘｘｘ䨻䨻䨻ｘｘ䨻䨻
䨻䨻ｘｘｘｘ䨻ｘｘｘｘｘ䨻ｘｘｘｘ䨻ｘｘ䨻䨻ｘｘｘ䨻䨻䨻ｘｘ
䨻䨻䨻䨻䨻䨻䨻䨻䨻䨻䨻䨻䨻ｘｘｘｘ䨻ｘｘｘｘｘ䨻䨻ｘ䨻䨻䨻䨻
䨻ｘ䨻ｘ䨻ｘ䨻ｘ䨻ｘ䨻ｘ䨻䨻䨻䨻䨻䨻䨻ｘｘｘｘｘｘ䨻䨻䨻䨻䨻
䨻䨻ｘ䨻䨻䨻ｘ䨻䨻䨻ｘ䨻䨻䨻䨻䨻䨻䨻䨻䨻䨻䨻䨻䨻䨻䨻䨻䨻䨻䨻
