# row clues
1 2 5 5 10
1 3 1 1 1 3 7
1 4 7 3 8
1 1 1 3 3 1 9
1 5 3 13
-
1 1 2 3 3 2 6
1 3 2 2 11
2 2 1 2 2 1 11
2 1 4 4 10
2 4 1 13
-
2 4 2 1 11
2 1 2 3 1 11
2 1 3 2 10
3 1 3 3 9
3 2 6 2 9
-
1 1 1 1 3 14
1 1 2 1 1 2 8
3 3 2 3 7
2 1 1 4 1 4 7
1 1 2 2 2 2 9
-
1 3 2 1 2 2 3 1 7
2 2 1 2 1 1 1 1 1 6
6 1 2 1 1 2 1 1 1 4
5 1 2 1 2 1 1 1 1 2
3 1 2 1 2 2 2 1 1 2
-
5 2 1 1 1 1 2 1 3
4 2 1 1 2 1 1 2 2
6 2 1 1 1 1 1 1
5 2 1 2 1 1 1 1
4 2 1 1 1 1 1 2

# col clues
17 10
8 1 9
6 1 8
2 1 2 5
2 1 2 1 2
-
7 3 1 2 1 2
3 1 9 1 2 1 2
7 2 2 1 2 1
1 1 2 4 3 1 2 2
2 2 12 1 2 1 2
-
1 2 2 1 3 1 2 1 2
1 2 1 2 4 1 2 1 1 2
1 1 2 5 2 3 1 1 2
2 1 2 2 2 1 3 2
1 1 2 2 1 1 2 1 2 3
-
1 2 1 2 1 2 3 3
1 2 2 1 5 2 3 2
2 2 10 1 3 2
1 1 2 1 1 4 2
7 3 1 10
-
3 1 7 1 1 3
2 2 10 9
1 3 11 1 4
5 15
27
-
22 5
23 2 1
25
24
23

# init board

# answer
䨻ｘｘｘｘ䨻䨻ｘ䨻䨻䨻䨻䨻ｘ䨻䨻䨻䨻䨻ｘ䨻䨻䨻䨻䨻䨻䨻䨻䨻䨻
䨻ｘｘｘｘ䨻䨻䨻ｘ䨻ｘｘｘ䨻ｘｘｘ䨻ｘ䨻䨻䨻ｘ䨻䨻䨻䨻䨻䨻䨻
䨻ｘｘｘｘ䨻䨻䨻䨻ｘ䨻䨻䨻䨻䨻䨻䨻ｘ䨻䨻䨻ｘ䨻䨻䨻䨻䨻䨻䨻䨻
䨻ｘｘｘｘ䨻ｘ䨻ｘ䨻䨻䨻ｘｘｘ䨻䨻䨻ｘ䨻ｘ䨻䨻䨻䨻䨻䨻䨻䨻䨻
䨻ｘｘｘｘ䨻䨻䨻䨻䨻ｘｘ䨻䨻䨻ｘｘ䨻䨻䨻䨻䨻䨻䨻䨻䨻䨻䨻䨻䨻
䨻ｘｘｘｘ䨻ｘ䨻䨻ｘ䨻䨻䨻ｘ䨻䨻䨻ｘ䨻䨻ｘｘｘｘ䨻䨻䨻䨻䨻䨻
䨻ｘｘｘｘ䨻䨻䨻ｘ䨻䨻ｘｘｘｘｘ䨻䨻ｘ䨻䨻䨻䨻䨻䨻䨻䨻䨻䨻䨻
䨻䨻ｘｘｘｘ䨻䨻ｘ䨻ｘ䨻䨻ｘ䨻䨻ｘ䨻ｘ䨻䨻䨻䨻䨻䨻䨻䨻䨻䨻䨻
䨻䨻ｘｘｘｘ䨻ｘｘ䨻䨻䨻䨻ｘ䨻䨻䨻䨻ｘｘ䨻䨻䨻䨻䨻䨻䨻䨻䨻䨻
䨻䨻ｘｘｘｘ䨻䨻䨻䨻ｘｘ䨻ｘｘｘｘ䨻䨻䨻䨻䨻䨻䨻䨻䨻䨻䨻䨻䨻
䨻䨻ｘｘｘｘ䨻䨻䨻䨻ｘｘ䨻䨻ｘｘｘ䨻ｘ䨻䨻䨻䨻䨻䨻䨻䨻䨻䨻䨻
䨻䨻ｘｘｘｘ䨻ｘ䨻䨻ｘｘ䨻䨻䨻ｘｘ䨻ｘ䨻䨻䨻䨻䨻䨻䨻䨻䨻䨻䨻
䨻䨻ｘｘｘｘ䨻ｘ䨻䨻䨻ｘｘｘｘｘ䨻䨻ｘｘ䨻䨻䨻䨻䨻䨻䨻䨻䨻䨻
䨻䨻䨻ｘｘｘ䨻ｘｘ䨻䨻䨻ｘｘｘ䨻䨻䨻ｘｘｘ䨻䨻䨻䨻䨻䨻䨻䨻䨻
䨻䨻䨻ｘｘ䨻䨻ｘｘ䨻䨻䨻䨻䨻䨻ｘ䨻䨻ｘｘｘ䨻䨻䨻䨻䨻䨻䨻䨻䨻
䨻ｘ䨻ｘｘ䨻ｘｘｘ䨻ｘ䨻䨻䨻ｘｘ䨻䨻䨻䨻䨻䨻䨻䨻䨻䨻䨻䨻䨻䨻
䨻ｘ䨻ｘ䨻䨻ｘｘｘ䨻ｘ䨻ｘｘｘ䨻䨻ｘｘｘｘｘ䨻䨻䨻䨻䨻䨻䨻䨻
ｘｘ䨻䨻䨻ｘｘｘ䨻䨻䨻ｘｘｘ䨻䨻ｘ䨻䨻䨻ｘｘｘ䨻䨻䨻䨻䨻䨻䨻
ｘｘ䨻䨻ｘｘ䨻ｘ䨻ｘｘ䨻䨻䨻䨻ｘ䨻ｘ䨻䨻䨻䨻ｘ䨻䨻䨻䨻䨻䨻䨻
ｘ䨻ｘｘｘ䨻ｘ䨻䨻ｘｘｘ䨻䨻ｘ䨻䨻ｘ䨻䨻ｘ䨻䨻䨻䨻䨻䨻䨻䨻䨻
䨻ｘ䨻䨻䨻ｘ䨻䨻ｘ䨻ｘ䨻䨻ｘ䨻䨻ｘ䨻䨻䨻ｘ䨻ｘ䨻䨻䨻䨻䨻䨻䨻
䨻䨻ｘｘｘ䨻䨻ｘ䨻ｘ䨻䨻ｘ䨻ｘ䨻ｘ䨻ｘ䨻ｘ䨻ｘｘ䨻䨻䨻䨻䨻䨻
䨻䨻䨻䨻䨻䨻ｘ䨻ｘ䨻䨻ｘ䨻ｘ䨻ｘ䨻䨻ｘ䨻ｘ䨻ｘｘ䨻ｘ䨻䨻䨻䨻
䨻䨻䨻䨻䨻ｘ䨻ｘ䨻䨻ｘ䨻ｘ䨻䨻ｘ䨻ｘｘ䨻ｘ䨻ｘｘ䨻ｘｘ䨻䨻ｘ
䨻䨻䨻ｘｘ䨻ｘ䨻䨻ｘ䨻ｘ䨻䨻ｘ䨻䨻ｘ䨻䨻ｘ䨻ｘｘ䨻ｘ䨻䨻ｘｘ
䨻䨻䨻䨻䨻ｘ䨻䨻ｘ䨻ｘ䨻ｘ䨻ｘ䨻ｘｘ䨻䨻ｘ䨻ｘｘ䨻䨻䨻ｘｘｘ
䨻䨻䨻䨻ｘ䨻䨻ｘｘｘ䨻ｘ䨻ｘ䨻䨻ｘ䨻ｘ䨻ｘ䨻䨻ｘ䨻䨻ｘｘｘｘ
䨻䨻䨻䨻䨻䨻ｘｘｘ䨻䨻ｘ䨻ｘ䨻ｘｘ䨻ｘｘ䨻ｘ䨻ｘｘ䨻ｘｘｘｘ
䨻䨻䨻䨻䨻ｘｘｘ䨻䨻ｘ䨻ｘ䨻䨻ｘ䨻ｘｘｘ䨻ｘ䨻ｘｘ䨻ｘｘｘｘ
䨻䨻䨻䨻ｘｘｘ䨻䨻ｘｘ䨻ｘ䨻ｘｘ䨻ｘｘｘ䨻ｘ䨻ｘｘ䨻䨻ｘｘｘ
