# row clues
1 1
2 1 1 2
4 5 4
2 2 1 7 2 2
4 1 4 4 4
-
2 2 9 1 2
1 1 1 4 1
2 1 1 4 2 2
2 1 1 4 4 1 2
1 1 1 1 2
-
1 1 1 1 1
2 1 1 1 1 1 2
4 1 1 1 1 1 4
6 1 1 2 2 1 6
2 2 1 1 2 2 1 2 2
-
6 1 1 2 4 1 6
4 1 1 8 1 4
2 3 8 1 2
1 8 1
4 1 7
-
2 1 1 4 2 2
2 1 1 4 1 2
1 7 1
2 1 1 1 1 3 2
4 1 1 1 1 2 4
-
2 2 1 1 1 1 3 2 2
4 1 3 5 4
2 1 1 1 1 4 2
1 2 2 1 3
1 10 2

# col clues
1 3 1
3 5 3
2 2 2 3 3 2 2 2
2 2 2 3 3 2 2 2
3 5 3
-
1 3 1
3
1
26
1 1 1
-
2 9 1 1
2 1 1 2
3 1 8 2
4 1 15 1
11 3 1 1 1
-
2 3 4 8
6 6 1 2
11 13 1
3 1 10 1 1
1 1 19
-
1 1 1 1 5
2 12 1 4
3 3 3
2
1 3 1
-
3 5 3
2 2 2 3 3 2 2 2
2 2 2 3 3 2 2 2
3 5 3
1 3 1

# init board

# answer
ｘｘｘｘｘｘｘｘｘｘｘｘｘｘ䨻ｘｘ䨻ｘｘｘｘｘｘｘｘｘｘｘｘ
ｘｘ䨻䨻ｘｘｘｘｘｘｘｘｘｘ䨻ｘｘ䨻ｘｘｘｘｘｘｘｘ䨻䨻ｘｘ
ｘ䨻䨻䨻䨻ｘｘｘｘｘｘｘｘ䨻䨻䨻䨻䨻ｘｘｘｘｘｘｘ䨻䨻䨻䨻ｘ
䨻䨻ｘｘ䨻䨻ｘｘｘ䨻ｘｘ䨻䨻䨻䨻䨻䨻䨻ｘｘｘｘｘ䨻䨻ｘｘ䨻䨻
ｘ䨻䨻䨻䨻ｘｘｘ䨻ｘｘ䨻䨻䨻䨻ｘ䨻䨻䨻䨻ｘｘｘｘｘ䨻䨻䨻䨻ｘ
ｘｘ䨻䨻ｘｘｘ䨻䨻ｘ䨻䨻䨻䨻䨻䨻䨻䨻䨻ｘ䨻ｘｘｘｘｘ䨻䨻ｘｘ
ｘｘｘｘｘｘ䨻ｘ䨻ｘ䨻ｘｘｘ䨻䨻䨻䨻ｘｘｘ䨻ｘｘｘｘｘｘｘｘ
ｘｘ䨻䨻ｘｘ䨻ｘ䨻ｘｘｘｘｘ䨻䨻䨻䨻ｘｘｘ䨻䨻ｘｘｘ䨻䨻ｘｘ
ｘｘ䨻䨻ｘｘ䨻ｘ䨻ｘｘ䨻䨻䨻䨻ｘｘ䨻䨻䨻䨻ｘ䨻ｘｘｘ䨻䨻ｘｘ
ｘｘｘｘｘｘｘｘ䨻ｘ䨻ｘｘｘ䨻ｘｘ䨻ｘｘｘ䨻䨻ｘｘｘｘｘｘｘ
ｘｘｘｘｘｘｘｘ䨻ｘ䨻ｘｘｘ䨻ｘｘ䨻ｘｘｘ䨻ｘｘｘｘｘｘｘｘ
ｘｘ䨻䨻ｘｘｘｘ䨻ｘ䨻ｘ䨻ｘｘｘｘｘｘ䨻ｘ䨻ｘｘｘｘ䨻䨻ｘｘ
ｘ䨻䨻䨻䨻ｘｘｘ䨻ｘ䨻ｘ䨻ｘｘｘｘｘｘ䨻ｘ䨻ｘｘｘ䨻䨻䨻䨻ｘ
䨻䨻䨻䨻䨻䨻ｘｘ䨻ｘ䨻ｘ䨻䨻ｘｘｘｘ䨻䨻ｘ䨻ｘｘ䨻䨻䨻䨻䨻䨻
䨻䨻ｘｘ䨻䨻ｘｘ䨻ｘ䨻ｘ䨻䨻ｘｘｘｘ䨻䨻ｘ䨻ｘｘ䨻䨻ｘｘ䨻䨻
䨻䨻䨻䨻䨻䨻ｘｘ䨻ｘ䨻ｘ䨻䨻ｘｘ䨻䨻䨻䨻ｘ䨻ｘｘ䨻䨻䨻䨻䨻䨻
ｘ䨻䨻䨻䨻ｘｘｘ䨻ｘ䨻ｘ䨻䨻䨻䨻䨻䨻䨻䨻ｘ䨻ｘｘｘ䨻䨻䨻䨻ｘ
ｘｘ䨻䨻ｘｘｘｘ䨻䨻䨻ｘ䨻䨻䨻䨻䨻䨻䨻䨻ｘ䨻ｘｘｘｘ䨻䨻ｘｘ
ｘｘｘｘｘｘｘｘ䨻ｘｘｘ䨻䨻䨻䨻䨻䨻䨻䨻ｘ䨻ｘｘｘｘｘｘｘｘ
ｘｘｘｘｘｘｘｘ䨻䨻䨻䨻ｘ䨻ｘ䨻䨻䨻䨻䨻䨻䨻ｘｘｘｘｘｘｘｘ
ｘｘ䨻䨻ｘｘｘｘ䨻ｘｘｘｘ䨻ｘｘ䨻䨻䨻䨻ｘ䨻䨻ｘｘｘ䨻䨻ｘｘ
ｘｘ䨻䨻ｘｘｘｘ䨻ｘｘｘｘ䨻ｘｘｘ䨻䨻䨻䨻ｘ䨻ｘｘｘ䨻䨻ｘｘ
ｘｘｘｘｘｘｘｘ䨻ｘｘｘｘ䨻䨻䨻䨻䨻䨻䨻ｘｘ䨻ｘｘｘｘｘｘｘ
ｘｘ䨻䨻ｘｘｘｘ䨻ｘｘｘｘ䨻ｘ䨻ｘ䨻ｘ䨻䨻䨻ｘｘｘｘ䨻䨻ｘｘ
ｘ䨻䨻䨻䨻ｘｘｘ䨻ｘｘｘｘ䨻ｘ䨻ｘ䨻ｘ䨻䨻ｘｘｘｘ䨻䨻䨻䨻ｘ
䨻䨻ｘｘ䨻䨻ｘｘ䨻ｘｘｘｘ䨻ｘ䨻ｘ䨻ｘ䨻䨻䨻ｘｘ䨻䨻ｘｘ䨻䨻
ｘ䨻䨻䨻䨻ｘｘｘ䨻ｘｘｘｘ䨻䨻䨻ｘ䨻䨻䨻䨻䨻ｘｘｘ䨻䨻䨻䨻ｘ
ｘｘ䨻䨻ｘｘｘｘ䨻ｘｘｘｘ䨻ｘ䨻ｘ䨻ｘ䨻䨻䨻䨻ｘｘｘ䨻䨻ｘｘ
ｘｘｘｘｘｘｘｘ䨻ｘｘ䨻䨻ｘｘ䨻䨻ｘｘ䨻ｘ䨻䨻䨻ｘｘｘｘｘｘ
ｘｘｘｘｘｘｘｘ䨻ｘ䨻䨻䨻䨻䨻䨻䨻䨻䨻䨻ｘｘ䨻䨻ｘｘｘｘｘｘ
