# row clues
1 7
2 2 2
3 2 1 2
1 1 1 2 1
1 1 1 1 2 1
-
2 2 2 5 2
2 3 3 3
4 1 1 1 1 1 1
4 1 1 1 1
4 2 2 1 2
-
4 2 4 4
4 5 5
3 6 6
3 1 4 4 1
3 2 3 3 2
-
3 1 3 3 1
3 2 9 2
2 1 4 2 1
3 1 6 2 1
10 1 1 5 1
-
1 2 1 4 2
2 3 23
2 4 5
2 3 3 3 3
1 1 1
-
2 3 4 1 2
4 1 4 2
2 3 3 8 8
2 3 3
9 3

# col clues
2 1 1 1 1 1 1
7 1 1 1 1 1 1
2 5 1 1
3 7 1 1 1 1 1 1
9 1 1 1 1 1 1
-
5 3 2 1 1 1 1 1
2 5 1
1 4 1 1 1 1 1
1 1 1 1 3
2 10
-
7 2 2
2 1 1
3 6 2
3 2 1
3 1 1
-
4 2 1 1 1
2 2 9 2 1
2 18 1
1 2 2 10 3 1
1 3 1 4 3 9
-
1 2 1 1 2 1 2
1 1 1 4 1 11
1 2 8 5 3
2 12 5 3
2 2 13 3
-
4 2 1 2 2
3 1 1
3 2 1
6 2
1 1

# init board

# answer
ｘ䨻ｘｘｘｘｘｘｘｘｘｘｘｘｘｘｘ䨻䨻䨻䨻䨻䨻䨻ｘｘｘｘｘｘ
ｘ䨻䨻ｘｘｘｘｘｘｘｘｘｘｘｘｘ䨻䨻ｘｘｘｘｘ䨻䨻ｘｘｘｘｘ
ｘ䨻䨻䨻ｘｘｘｘｘｘｘｘｘｘｘ䨻䨻ｘ䨻ｘｘｘｘｘ䨻䨻ｘｘｘｘ
ｘ䨻ｘ䨻ｘｘｘｘｘｘｘｘｘｘｘ䨻ｘｘ䨻䨻ｘｘｘｘｘ䨻ｘｘｘｘ
ｘ䨻ｘ䨻ｘｘｘｘｘｘ䨻ｘｘｘｘ䨻ｘｘｘ䨻䨻ｘｘｘｘ䨻ｘｘｘｘ
䨻䨻ｘｘｘｘｘｘｘｘ䨻䨻ｘｘｘ䨻䨻ｘ䨻䨻䨻䨻䨻ｘ䨻䨻ｘｘｘｘ
䨻䨻ｘｘｘｘｘｘｘｘ䨻䨻䨻ｘｘｘ䨻䨻䨻ｘｘｘ䨻䨻䨻ｘｘｘｘｘ
ｘｘｘｘ䨻䨻䨻䨻ｘｘ䨻ｘ䨻ｘｘｘｘ䨻ｘ䨻ｘ䨻ｘ䨻ｘｘｘｘｘｘ
ｘｘｘ䨻䨻䨻䨻ｘｘｘ䨻ｘ䨻ｘｘｘｘ䨻ｘｘｘｘｘ䨻ｘｘｘｘｘｘ
ｘｘ䨻䨻䨻䨻ｘｘｘ䨻䨻ｘｘｘｘｘｘ䨻䨻ｘ䨻ｘ䨻䨻ｘｘｘｘｘｘ
ｘｘ䨻䨻䨻䨻ｘｘｘ䨻䨻ｘｘｘｘｘ䨻䨻䨻䨻ｘ䨻䨻䨻䨻ｘｘｘｘｘ
ｘｘ䨻䨻䨻䨻ｘｘｘｘｘｘｘｘｘ䨻䨻䨻䨻䨻ｘ䨻䨻䨻䨻䨻ｘｘｘｘ
ｘｘ䨻䨻䨻ｘｘｘｘｘｘｘｘｘ䨻䨻䨻䨻䨻䨻ｘ䨻䨻䨻䨻䨻䨻ｘｘｘ
ｘｘ䨻䨻䨻ｘｘｘｘｘｘｘｘｘ䨻ｘ䨻䨻䨻䨻ｘ䨻䨻䨻䨻ｘ䨻ｘｘｘ
ｘｘｘ䨻䨻䨻ｘｘｘｘｘｘｘ䨻䨻ｘ䨻䨻䨻ｘｘｘ䨻䨻䨻ｘ䨻䨻ｘｘ
ｘｘｘｘ䨻䨻䨻ｘｘｘｘｘｘ䨻ｘｘ䨻䨻䨻ｘｘｘ䨻䨻䨻ｘｘ䨻ｘｘ
ｘｘｘｘｘ䨻䨻䨻ｘｘｘｘ䨻䨻ｘｘ䨻䨻䨻䨻䨻䨻䨻䨻䨻ｘｘ䨻䨻ｘ
ｘｘｘｘｘｘ䨻䨻ｘｘｘｘ䨻ｘｘｘ䨻䨻䨻䨻ｘｘｘ䨻䨻ｘｘｘ䨻ｘ
ｘｘｘｘｘ䨻䨻䨻ｘｘｘｘ䨻ｘｘ䨻䨻䨻䨻䨻䨻ｘｘｘ䨻䨻ｘｘ䨻ｘ
䨻䨻䨻䨻䨻䨻䨻䨻䨻䨻ｘｘ䨻ｘｘｘｘ䨻ｘｘ䨻䨻䨻䨻䨻ｘｘｘ䨻ｘ
ｘｘｘｘｘｘｘｘｘ䨻ｘｘ䨻䨻ｘｘｘ䨻ｘｘｘ䨻䨻䨻䨻ｘｘ䨻䨻ｘ
䨻䨻ｘ䨻䨻䨻ｘ䨻䨻䨻䨻䨻䨻䨻䨻䨻䨻䨻䨻䨻䨻䨻䨻䨻䨻䨻䨻䨻䨻䨻
ｘｘｘｘｘｘｘｘｘ䨻䨻ｘｘｘｘｘ䨻䨻䨻䨻ｘ䨻䨻䨻䨻䨻ｘｘｘｘ
䨻䨻ｘ䨻䨻䨻ｘ䨻䨻䨻ｘｘｘｘｘｘｘ䨻䨻䨻ｘ䨻䨻䨻ｘｘｘｘｘｘ
ｘｘｘｘｘｘｘｘｘ䨻ｘｘｘｘｘｘｘｘｘ䨻ｘ䨻ｘｘｘｘｘｘｘｘ
䨻䨻ｘ䨻䨻䨻ｘ䨻䨻䨻䨻ｘｘｘｘｘｘｘｘ䨻ｘ䨻䨻ｘｘｘｘｘｘｘ
ｘｘｘｘｘｘｘｘｘ䨻䨻䨻䨻ｘｘｘｘｘｘ䨻ｘ䨻䨻䨻䨻ｘｘｘ䨻䨻
䨻䨻ｘ䨻䨻䨻ｘ䨻䨻䨻ｘｘ䨻䨻䨻䨻䨻䨻䨻䨻ｘ䨻䨻䨻䨻䨻䨻䨻䨻ｘ
ｘｘｘｘｘｘｘｘ䨻䨻ｘｘｘｘｘｘｘｘｘ䨻䨻䨻ｘ䨻䨻䨻ｘｘｘｘ
䨻䨻䨻䨻䨻䨻䨻䨻䨻ｘｘｘｘｘｘｘｘｘｘ䨻䨻䨻ｘｘｘｘｘｘｘｘ
