# row clues
12 2 14
15 11 2
3 8 1 1 7 1
2 7 2 5 2
3 5 2 1 10
-
9 1 2 1 8
6 2 1 3 1 8
8 1 5 7
6 1 1 7 1 1 4
6 11 1 4
-
6 5 6 1 4
2 2 1 4 1 1 5 3
5 1 4 1 5 1 1 1
5 4 1 2 1 4 1 1
5 4 4 1 4 4
-
3 2 3 5 4 1 2
3 2 4 3 4 5
4 2 4 1 5 2
8 8 1
3 2 2 1
-
2 1 2 2 2 2
2 3 2 2 2 1
2 3 4 2 2 3
1 1 4 4 2 3
2 4 4 1
-
2 2 2 2 4
2 2 2 4 2 2
1 2 3 4 2
2 1 3 2 2 2 2 1
2 3 2 2 2 2

# col clues
24 3
23 2
3 7 8 2
2 10 2 2 2 1
3 13 1 4 2
-
11 4 2 2 1
6 1 2 2
9 4 2 2
7 4 1 4 2 1
4 7 4 2 1
-
6 10 2
5 4 3 2
1 8 2 2 2
3 3 1 1 1 4 2
2 6 3 1 1 4
-
6 7 2 2
2 7 4 1 2 2
3 4 2 2 2 2
2 7 2 4
4 6 2 1 1 4
-
6 5 3 1 1 2
3 1 8
7 6 1 1 2 2
8 3 1 1 4 2
11 3 4
-
8 1 1 2 1
2 8 3 1 1
1 11 1 2 2
2 9 4 4 2 1
20 2 2

# init board

# answer
䨻䨻䨻䨻䨻䨻䨻䨻䨻䨻䨻䨻ｘ䨻䨻ｘ䨻䨻䨻䨻䨻䨻䨻䨻䨻䨻䨻䨻䨻䨻
䨻䨻䨻䨻䨻䨻䨻䨻䨻䨻䨻䨻䨻䨻䨻ｘ䨻䨻䨻䨻䨻䨻䨻䨻䨻䨻䨻ｘ䨻䨻
䨻䨻䨻ｘ䨻䨻䨻䨻䨻䨻䨻䨻ｘ䨻ｘｘｘ䨻ｘ䨻䨻䨻䨻䨻䨻䨻ｘｘｘ䨻
䨻䨻ｘｘｘ䨻䨻䨻䨻䨻䨻䨻ｘｘｘｘｘｘｘ䨻䨻ｘ䨻䨻䨻䨻䨻ｘ䨻䨻
䨻䨻䨻ｘ䨻䨻䨻䨻䨻ｘ䨻䨻ｘｘｘ䨻ｘｘｘｘ䨻䨻䨻䨻䨻䨻䨻䨻䨻䨻
䨻䨻䨻䨻䨻䨻䨻䨻䨻ｘ䨻ｘｘｘｘ䨻䨻ｘｘｘ䨻ｘ䨻䨻䨻䨻䨻䨻䨻䨻
䨻䨻䨻䨻䨻䨻ｘ䨻䨻ｘｘｘ䨻ｘ䨻䨻䨻ｘ䨻ｘｘｘ䨻䨻䨻䨻䨻䨻䨻䨻
䨻䨻䨻䨻䨻䨻䨻䨻ｘｘｘｘ䨻ｘ䨻䨻䨻䨻䨻ｘｘｘｘ䨻䨻䨻䨻䨻䨻䨻
䨻䨻䨻䨻䨻䨻ｘ䨻ｘｘ䨻ｘ䨻䨻䨻䨻䨻䨻䨻ｘ䨻ｘｘｘ䨻ｘ䨻䨻䨻䨻
䨻䨻䨻䨻䨻䨻ｘｘｘｘ䨻䨻䨻䨻䨻䨻䨻䨻䨻䨻䨻ｘｘｘ䨻ｘ䨻䨻䨻䨻
䨻䨻䨻䨻䨻䨻ｘｘｘｘ䨻䨻䨻䨻䨻ｘ䨻䨻䨻䨻䨻䨻ｘｘ䨻ｘ䨻䨻䨻䨻
䨻䨻ｘ䨻䨻ｘｘ䨻ｘ䨻䨻䨻䨻ｘ䨻ｘ䨻ｘ䨻䨻䨻䨻䨻ｘｘｘｘ䨻䨻䨻
䨻䨻䨻䨻䨻ｘｘ䨻ｘ䨻䨻䨻䨻ｘｘ䨻ｘｘ䨻䨻䨻䨻䨻ｘ䨻ｘｘ䨻ｘ䨻
䨻䨻䨻䨻䨻ｘｘ䨻䨻䨻䨻ｘ䨻ｘｘ䨻䨻ｘｘ䨻ｘ䨻䨻䨻䨻ｘｘ䨻ｘ䨻
䨻䨻䨻䨻䨻ｘｘ䨻䨻䨻䨻ｘｘｘ䨻䨻䨻䨻ｘ䨻ｘ䨻䨻䨻䨻ｘ䨻䨻䨻䨻
䨻䨻䨻ｘ䨻䨻ｘｘ䨻䨻䨻ｘｘ䨻䨻䨻䨻䨻ｘｘ䨻䨻䨻䨻ｘｘ䨻ｘ䨻䨻
䨻䨻䨻ｘ䨻䨻ｘｘ䨻䨻䨻䨻ｘｘ䨻䨻䨻ｘｘ䨻䨻䨻䨻ｘｘ䨻䨻䨻䨻䨻
䨻䨻䨻䨻ｘ䨻䨻ｘｘ䨻䨻䨻䨻ｘｘ䨻ｘ䨻䨻䨻䨻䨻ｘｘｘｘｘｘ䨻䨻
䨻䨻䨻䨻䨻䨻䨻䨻ｘｘｘ䨻䨻䨻䨻䨻䨻䨻䨻ｘｘｘｘｘｘｘｘｘｘ䨻
䨻䨻䨻ｘｘｘｘ䨻䨻ｘｘｘｘｘｘｘｘｘｘｘｘｘ䨻䨻ｘｘｘｘｘ䨻
䨻䨻ｘｘ䨻ｘｘｘｘｘｘｘｘ䨻䨻ｘ䨻䨻ｘ䨻䨻ｘｘｘｘ䨻䨻ｘｘｘ
䨻䨻ｘ䨻䨻䨻ｘｘ䨻䨻ｘｘｘｘｘｘ䨻䨻ｘｘｘｘ䨻䨻ｘｘｘｘ䨻ｘ
䨻䨻ｘ䨻䨻䨻ｘ䨻䨻䨻䨻ｘｘ䨻䨻ｘｘｘｘ䨻䨻ｘｘｘｘｘｘ䨻䨻䨻
䨻ｘｘｘ䨻ｘｘ䨻䨻䨻䨻ｘ䨻䨻䨻䨻ｘｘｘｘｘｘｘ䨻䨻ｘｘ䨻䨻䨻
ｘｘｘｘｘｘｘｘ䨻䨻ｘｘ䨻䨻䨻䨻ｘｘｘｘｘｘ䨻䨻䨻䨻ｘｘ䨻ｘ
ｘｘ䨻䨻ｘ䨻䨻ｘｘｘｘｘｘ䨻䨻ｘｘｘ䨻䨻ｘｘ䨻䨻䨻䨻ｘｘｘｘ
ｘｘ䨻䨻ｘ䨻䨻ｘ䨻䨻ｘｘｘｘｘｘｘ䨻䨻䨻䨻ｘｘ䨻䨻ｘｘ䨻䨻ｘ
䨻ｘｘｘｘｘｘｘ䨻䨻ｘ䨻䨻䨻ｘｘｘ䨻䨻䨻䨻ｘｘｘｘｘｘ䨻䨻ｘ
䨻䨻ｘｘ䨻ｘｘｘｘｘｘ䨻䨻䨻ｘ䨻䨻ｘ䨻䨻ｘｘ䨻䨻ｘ䨻䨻ｘｘ䨻
䨻䨻ｘ䨻䨻䨻ｘｘ䨻䨻ｘｘｘｘｘ䨻䨻ｘｘｘｘｘ䨻䨻ｘｘｘｘ䨻䨻
