# row clues
4
2 1
1 4 2
3 2 3 1 3
2 1 2 3 2
-
1 1 1 6 1 1
2 2 2 2 2 1
1 3 3 2 1
2 6 5 2
1 2 5 2
-
3 3 5
1 2 2 2
8 1 1
1 2 2
1 4
-
4 3
5 4
4 9
1 2 6 1 1
7 1
-
5 5 3
8 4 7
1 11 5 2
1 7 3 3 2
7 12
-
2 4 4
2 3
2 4
5
2 5
-
3 4 2 1
10 2
4 4
4
2

# col clues
4
2 4
2 2 2 1
3 2 5
2 1 1 5
-
1 2 2 1 5
1 2 1 2 1 5 1
1 3 1 3 3 1 1
1 4 1 3 3 1 5
2 2 1 5 1 9
-
1 1 1 1 1 15
1 1 1 2 2 2 10 2
1 2 2 1 1 1 7 1 2
1 1 1 1 2 6 2 2
1 2 1 1 2 5 1 3
-
1 2 1 4 4 2 3
1 2 2 1 3 3 3 1 2
1 3 1 6 5 1 2
4 1 1 2 2 2 2 2 1
1 2 2 1 2 1 2 2 3
-
1 2 1 2 1 2 2 1
1 2 5 1 2 1
2 4 4
5 1 3
2

# init board

# answer
ｘｘｘｘｘｘｘｘｘｘｘｘｘ䨻䨻䨻䨻ｘｘｘｘｘｘｘｘ
ｘｘｘｘｘｘｘｘｘｘｘ䨻䨻ｘｘｘｘ䨻ｘｘｘｘｘｘｘ
ｘｘｘｘｘｘｘｘｘｘ䨻ｘｘ䨻䨻䨻䨻ｘ䨻䨻ｘｘｘｘｘ
ｘｘｘｘｘｘｘ䨻䨻䨻ｘ䨻䨻ｘ䨻䨻䨻ｘ䨻ｘ䨻䨻䨻ｘｘ
ｘｘｘｘｘ䨻䨻ｘｘ䨻ｘｘ䨻䨻ｘｘｘ䨻䨻䨻ｘｘ䨻䨻ｘ
ｘｘｘｘ䨻ｘｘｘ䨻ｘ䨻ｘｘｘ䨻䨻䨻䨻䨻䨻ｘ䨻ｘ䨻ｘ
ｘｘｘ䨻䨻ｘｘ䨻䨻ｘｘ䨻䨻ｘｘｘ䨻䨻ｘｘ䨻䨻ｘ䨻ｘ
ｘｘｘ䨻ｘｘｘ䨻䨻䨻ｘｘ䨻䨻䨻ｘｘｘｘ䨻䨻ｘｘ䨻ｘ
ｘｘ䨻䨻ｘｘ䨻䨻䨻䨻䨻䨻ｘｘｘ䨻䨻䨻䨻䨻ｘｘ䨻䨻ｘ
ｘｘ䨻ｘｘ䨻䨻ｘｘｘｘ䨻䨻䨻䨻䨻ｘｘｘｘｘ䨻䨻ｘｘ
ｘｘｘ䨻䨻䨻ｘｘｘｘｘｘｘ䨻䨻䨻ｘｘ䨻䨻䨻䨻䨻ｘｘ
ｘｘｘ䨻ｘｘｘｘｘｘｘ䨻䨻ｘｘ䨻䨻ｘｘｘｘ䨻䨻ｘｘ
ｘｘｘｘ䨻䨻䨻䨻䨻䨻䨻䨻ｘｘｘｘ䨻ｘｘｘｘ䨻ｘｘｘ
ｘｘｘｘｘ䨻ｘｘｘｘｘｘｘｘｘｘ䨻䨻ｘｘ䨻䨻ｘｘｘ
ｘｘｘｘｘｘ䨻ｘｘｘｘｘｘｘｘｘｘ䨻䨻䨻䨻ｘｘｘｘ
ｘｘｘｘｘｘ䨻䨻䨻䨻ｘｘｘｘｘｘｘ䨻䨻䨻ｘｘｘｘｘ
ｘｘｘｘｘｘｘ䨻䨻䨻䨻䨻ｘｘ䨻䨻䨻䨻ｘｘｘｘｘｘｘ
ｘｘｘｘｘｘ䨻䨻䨻䨻ｘ䨻䨻䨻䨻䨻䨻䨻䨻䨻ｘｘｘｘｘ
ｘｘｘｘｘ䨻ｘｘｘ䨻䨻ｘｘ䨻䨻䨻䨻䨻䨻ｘ䨻ｘｘ䨻ｘ
ｘｘｘｘｘｘｘｘｘ䨻䨻䨻䨻䨻䨻䨻ｘｘｘｘｘｘｘｘ䨻
ｘｘ䨻䨻䨻䨻䨻ｘｘｘ䨻䨻䨻䨻䨻ｘｘｘｘｘｘｘ䨻䨻䨻
ｘ䨻䨻䨻䨻䨻䨻䨻䨻ｘ䨻䨻䨻䨻ｘｘｘ䨻䨻䨻䨻䨻䨻䨻ｘ
ｘ䨻ｘ䨻䨻䨻䨻䨻䨻䨻䨻䨻䨻䨻ｘｘ䨻䨻䨻䨻䨻ｘ䨻䨻ｘ
䨻ｘ䨻䨻䨻䨻䨻䨻䨻ｘ䨻䨻䨻ｘｘ䨻䨻䨻ｘｘｘ䨻䨻ｘｘ
䨻䨻䨻䨻䨻䨻䨻ｘｘｘ䨻䨻䨻䨻䨻䨻䨻䨻䨻䨻䨻䨻ｘｘｘ
䨻䨻ｘｘｘｘｘｘｘｘ䨻䨻䨻䨻ｘｘｘ䨻䨻䨻䨻ｘｘｘｘ
䨻䨻ｘｘｘｘｘｘｘ䨻䨻䨻ｘｘｘｘｘｘｘｘｘｘｘｘｘ
ｘ䨻䨻ｘｘｘｘｘｘ䨻䨻䨻䨻ｘｘｘｘｘｘｘｘｘｘｘｘ
ｘｘｘｘｘｘｘ䨻䨻䨻䨻䨻ｘｘｘｘｘｘｘｘｘｘｘｘｘ
ｘｘｘｘｘｘｘｘｘ䨻䨻ｘｘｘ䨻䨻䨻䨻䨻ｘｘｘｘｘｘ
ｘｘｘｘｘｘｘｘ䨻䨻䨻ｘ䨻䨻䨻䨻ｘｘ䨻䨻ｘ䨻ｘｘｘ
ｘｘｘｘｘｘｘｘ䨻䨻䨻䨻䨻䨻䨻䨻䨻䨻ｘ䨻䨻ｘｘｘｘ
ｘｘｘｘｘｘｘｘ䨻䨻䨻䨻ｘｘｘｘ䨻䨻䨻䨻ｘｘｘｘｘ
ｘｘｘｘｘｘ䨻䨻䨻䨻ｘｘｘｘｘｘｘｘｘｘｘｘｘｘｘ
ｘｘｘｘｘｘｘｘ䨻䨻ｘｘｘｘｘｘｘｘｘｘｘｘｘｘｘ
