# row clues
12 35 19
1 18 17
1 20 20 13
4 22 22
1 5 23 23 9
2 24 24
4 25 25
2 4 25 25
3 26 26
2 2 26 26
4 2 26 26
5 1 2 26 26
1 1 2 1 26 26
1 1 1 5 11 14 11 5
1 1 2 2 6 5 2 5 6 3 2
1 1 1 6 2 7 9
1 2 26
2 24 1
4 6 2 11 3 6
8 2 2 2 9 2 5
10 3 3 2 2 6 4
4 7 13 5 6 2 5 2 2 5
2 2 4 2 1 6 1 2 6 4 6 5
7 8 4 1 1 3 1 4 1 2 6 2 2 2 5
6 2 2 4 5 1 4 1 2 7 1 1 1 5
2 2 6 2 4 1 1 3 2 1 6 1 2 7 1 1 1 6
5 2 2 3 2 3 3 4 5 5 2 4 2 2 2 3
1 1 1 4 2 4 6 3 3 2 4 2 2 1 4
3 2 1 1 4 1 14 2 2 2 3 2 2 1 1 4
2 3 4 1 4 5 2 6 2 3 1 1 4
1 5 9 5 5 2 2 3 4 4
1 6 1 4 2 4 1 3 1 4 2 3 1 1 3
1 4 2 3 2 1 1 1 3 2 1 2 4 13 4
2 4 1 1 1 1 1 4 2 7 3 3 2 2
3 6 1 1 4 3 2 3 2 2 2 1 12 2
2 2 2 2 1 11 2 2 2 2 2 10 1 3 3
2 2 2 2 2 2 10 2 2 5 1 2 8 1 1 1 1 1
2 9 1 1 2 1 1 5 2 6 1 6 2 1 1 1 1
1 10 2 2 2 1 2 2 2 2 1 1 2 2 1
1 10 1 2 3 2 1 1 2 2 1 1 1 1
2 9 1 2 1 1 2 1 7 3 3 2 1 1 2
4 12 1 1 2 1 1 1 3 5 1 3 4
2 8 1 10 1 1 1 8 2 1 1 1 3
2 8 2 7 2 2 6 3 6 1 1 2 1
3 8 8 1 1 7 9 4 2
3 10 1 2 2 2 8 7 3 1 1 1
4 18 3 14 13 7 2 2 2 2
7 12 1 1 2 2 2 3 7 6 2 7 2
20 6 4 13 2 8 8 2 1 2 1
20 1 1 2 1 1 2 23 2 2 1
4 2 3 7 5 11 2 21 2 2 2
1 1 1 1 1 1 2 1 2 21 3 1 2
1 1 1 1 1 1 1 1 2 19 3 1 2
6 1 14 6 11 2 19 6 2
6 1 14 6 10 3 3 19 2 3
6 1 15 6 9 1 1 1 1 19 1 2
6 2 15 6 9 1 1 1 1 19 1 1 3
6 1 15 6 9 1 2 2 1 19 1 1 2
6 1 15 6 8 1 3 1 19 2 1 2
5 1 15 7 8 3 2 19 1 1 2
1 1 1 1 1 1 2 1 10 19 1 1 2
1 1 1 2 1 1 2 1 2 1 19 2 1 1
1 1 1 1 2 1 2 1 1 2 19 2 1 1
1 1 1 1 2 3 2 1 4 21 2 1 1
1 1 2 1 2 9 30 3 1 2
1 1 4 3 3 8 2 33 2
1 2 3 10 14 30 3 3
2 12 11 6 30 2 4
2 13 11 6 30 2 5
22 21 30 8

# col clues
6 1 2 1 4 7
1 1 2 1 2 2 3 7
1 1 2 1 5 2 1 5 7
1 1 2 1 2 3 1 7 7
6 6 2 1 10 16
1 3 1 5 1 17 3
2 2 2 4 3 3 1
5 2 2 5 4 3 1
1 3 1 2 4 9 2 1
3 1 1 2 6 9 5 11 1
3 2 1 1 2 1 7 5 3 2 1
7 2 1 1 1 1 2 1 17 1 1
1 1 1 2 1 1 1 1 1 1 14 3
1 1 2 3 1 1 1 18 10 3
1 2 1 2 2 3 1 15 7 2 3
1 1 1 2 1 8 21 1 3
1 1 1 2 2 10 10 7 1 3
1 1 3 2 6 2 1 8 7 5
1 1 4 2 4 3 1 6 7 4
1 5 2 1 4 4 7 4
1 5 3 4 7 3
1 5 3 1 1 7 3
1 6 2 2 1 1 1 7 2
7 1 2 1 1 1 7 2
7 3 2 1 4 1 1 1 7 2
8 8 2 3 2 1 1 1 7 1
8 12 2 2 3 1 1 7 1
9 12 1 1 4 15
9 5 5 7 3 6
10 4 1 2 9 3 3
11 4 1 1 2 3 3 10 3
11 4 1 2 1 2 3 1 18 2 3
12 3 3 2 5 1 1 7 2 3
12 12 3 3 2 3 1 7 6
12 24 4 7 5
14 2 8 3 2 11 5
14 1 1 7 3 2 5 4
15 1 2 2 4 2 3 1 4
15 1 2 4 1 4 10 2 3
15 1 2 1 6 9 1 3
16 6 2 2 1 1 1 7 2 2 2
13 1 2 2 3 2 1 1 1 7 5 2
12 1 3 3 1 2 1 1 1 7 4 1
11 1 5 5 1 1 1 1 1 7 3 1
10 1 1 6 1 1 1 1 1 1 7 4 1
9 2 1 4 1 1 1 1 1 1 15 1
8 1 1 5 1 3 1 1 1 5 6
7 1 1 6 1 1 1 1 2 5
6 1 5 5 1 1 4 4
5 2 3 3 7 1 3 4
4 1 2 2 4 6 1 2
3 1 6 3 3 2 1 2
2 1 2 2 1 1
1 1 1 1 2 1 1
1 1 1 1 7 2
1 25 1 9 2 2
1 25 1 1 12 1 2
1 1 1 2 1 1 2 2 1 3
1 1 2 1 1 1 1 1 10
2 1 1 7 2 1 1 1 2 2 1 7
3 1 3 9 4 1 4 4 1 6
4 1 3 11 9 1 2 6
5 2 12 3 6 6 6
6 12 2 8 7
7 15 6 27
8 15 4 27
9 9 32
10 6 2 2 2 24
11 5 2 3 2 23
12 4 1 4 1 22
13 3 2 1 1 3 2 21
15 2 2 1 4 1 21
14 2 3 1 4 1 21
14 2 1 1 1 4 1 21
14 2 6 1 1 4 1 21
14 3 2 5 1 4 1 21
13 3 2 1 4 1 21
12 5 2 1 1 3 2 22
12 3 1 1 4 1 22
12 3 2 3 2 24
11 4 2 31
1 11 4 33
1 10 8 4 5 27
1 9 13 4 9 7
1 9 12 1 7 3 6
1 8 2 15 4 4 5
1 8 1 1 12 2 9
1 1 7 2 10 6 1 6 8
1 1 7 4 1 13 2
1 1 6 4 1 3 2
1 1 5 4 2 2 16
1 1 1 5 4 1 2 3
1 1 1 5 4 1 2 1 1 2
1 1 1 4 4 5 2 1 1
1 1 1 3 1 4 1 4 1
1 1 1 2 7 2 1 2
1 1 1 2 1 5 4 3
1 1 1 1 4 1 7 4
1 1 1 1 2 3 5 6
1 1 1 1 7 11

# init board

# answer
ｘｘｘｘｘｘｘｘｘｘｘ䨻䨻䨻䨻䨻䨻䨻䨻䨻䨻䨻䨻ｘｘｘｘｘｘｘｘｘｘｘｘｘｘ䨻䨻䨻䨻䨻䨻䨻䨻䨻䨻䨻䨻䨻䨻䨻䨻䨻䨻䨻䨻䨻䨻䨻䨻䨻䨻䨻䨻䨻䨻䨻䨻䨻䨻䨻ｘｘｘｘｘｘｘｘｘ䨻䨻䨻䨻䨻䨻䨻䨻䨻䨻䨻䨻䨻䨻䨻䨻䨻䨻䨻
ｘｘｘｘｘｘｘｘｘｘｘ䨻ｘｘｘｘｘｘｘｘｘｘｘｘｘｘｘｘｘｘｘｘｘｘｘ䨻䨻䨻䨻䨻䨻䨻䨻䨻䨻䨻䨻䨻䨻䨻䨻䨻䨻ｘｘｘｘｘｘ䨻䨻䨻䨻䨻䨻䨻䨻䨻䨻䨻䨻䨻䨻䨻䨻䨻ｘｘｘｘｘｘｘｘｘｘｘｘｘｘｘｘｘｘｘｘｘｘｘｘ
ｘｘｘｘｘｘｘｘｘｘｘ䨻ｘｘｘｘｘｘｘｘｘｘｘｘｘｘｘｘｘｘｘｘ䨻䨻䨻䨻䨻䨻䨻䨻䨻䨻䨻䨻䨻䨻䨻䨻䨻䨻䨻䨻ｘｘｘｘｘｘｘｘ䨻䨻䨻䨻䨻䨻䨻䨻䨻䨻䨻䨻䨻䨻䨻䨻䨻䨻䨻䨻ｘｘｘｘｘｘｘ䨻䨻䨻䨻䨻䨻䨻䨻䨻䨻䨻䨻䨻
ｘｘｘｘｘｘｘｘｘｘｘ䨻䨻䨻䨻ｘｘｘｘｘｘｘｘｘｘｘｘｘｘ䨻䨻䨻䨻䨻䨻䨻䨻䨻䨻䨻䨻䨻䨻䨻䨻䨻䨻䨻䨻䨻䨻ｘｘｘｘｘｘｘｘｘｘ䨻䨻䨻䨻䨻䨻䨻䨻䨻䨻䨻䨻䨻䨻䨻䨻䨻䨻䨻䨻䨻䨻ｘｘｘｘｘｘｘｘｘｘｘｘｘｘｘｘｘ
ｘｘｘｘｘｘｘｘｘｘｘ䨻ｘｘ䨻䨻䨻䨻䨻ｘｘｘｘｘｘｘｘ䨻䨻䨻䨻䨻䨻䨻䨻䨻䨻䨻䨻䨻䨻䨻䨻䨻䨻䨻䨻䨻䨻䨻ｘｘｘｘｘｘｘｘｘｘｘｘ䨻䨻䨻䨻䨻䨻䨻䨻䨻䨻䨻䨻䨻䨻䨻䨻䨻䨻䨻䨻䨻䨻䨻ｘｘｘｘｘｘ䨻䨻䨻䨻䨻䨻䨻䨻䨻
ｘｘｘｘｘｘｘｘｘｘ䨻䨻ｘｘｘｘｘｘｘｘｘｘｘｘｘ䨻䨻䨻䨻䨻䨻䨻䨻䨻䨻䨻䨻䨻䨻䨻䨻䨻䨻䨻䨻䨻䨻䨻䨻ｘｘｘｘｘｘｘｘｘｘｘｘｘｘ䨻䨻䨻䨻䨻䨻䨻䨻䨻䨻䨻䨻䨻䨻䨻䨻䨻䨻䨻䨻䨻䨻䨻䨻ｘｘｘｘｘｘｘｘｘｘｘｘｘ
ｘｘｘｘｘｘｘｘｘｘ䨻䨻䨻䨻ｘｘｘｘｘｘｘｘｘ䨻䨻䨻䨻䨻䨻䨻䨻䨻䨻䨻䨻䨻䨻䨻䨻䨻䨻䨻䨻䨻䨻䨻䨻䨻ｘｘｘｘｘｘｘｘｘｘｘｘｘｘｘｘ䨻䨻䨻䨻䨻䨻䨻䨻䨻䨻䨻䨻䨻䨻䨻䨻䨻䨻䨻䨻䨻䨻䨻䨻䨻ｘｘｘｘｘｘｘｘｘｘｘ
ｘｘｘｘｘｘｘｘｘ䨻䨻ｘｘ䨻䨻䨻䨻ｘｘｘｘｘ䨻䨻䨻䨻䨻䨻䨻䨻䨻䨻䨻䨻䨻䨻䨻䨻䨻䨻䨻䨻䨻䨻䨻䨻䨻ｘｘｘｘｘｘｘｘｘｘｘｘｘｘｘｘｘｘ䨻䨻䨻䨻䨻䨻䨻䨻䨻䨻䨻䨻䨻䨻䨻䨻䨻䨻䨻䨻䨻䨻䨻䨻䨻ｘｘｘｘｘｘｘｘｘｘ
ｘｘｘｘｘｘｘ䨻䨻䨻ｘｘｘｘｘｘｘｘｘｘ䨻䨻䨻䨻䨻䨻䨻䨻䨻䨻䨻䨻䨻䨻䨻䨻䨻䨻䨻䨻䨻䨻䨻䨻䨻䨻ｘｘｘｘｘｘｘｘｘｘｘｘｘｘｘｘｘｘｘｘ䨻䨻䨻䨻䨻䨻䨻䨻䨻䨻䨻䨻䨻䨻䨻䨻䨻䨻䨻䨻䨻䨻䨻䨻䨻䨻ｘｘｘｘｘｘｘｘ
ｘｘｘｘｘｘ䨻䨻ｘ䨻䨻ｘｘｘｘｘｘｘｘ䨻䨻䨻䨻䨻䨻䨻䨻䨻䨻䨻䨻䨻䨻䨻䨻䨻䨻䨻䨻䨻䨻䨻䨻䨻䨻ｘｘｘｘｘｘｘｘｘｘｘｘｘｘｘｘｘｘｘｘｘｘ䨻䨻䨻䨻䨻䨻䨻䨻䨻䨻䨻䨻䨻䨻䨻䨻䨻䨻䨻䨻䨻䨻䨻䨻䨻䨻ｘｘｘｘｘｘｘ
ｘｘｘｘ䨻䨻䨻䨻ｘｘ䨻䨻ｘｘｘｘｘｘ䨻䨻䨻䨻䨻䨻䨻䨻䨻䨻䨻䨻䨻䨻䨻䨻䨻䨻䨻䨻䨻䨻䨻䨻䨻䨻ｘｘｘｘｘｘｘｘｘｘｘｘｘｘｘｘｘｘｘｘｘｘｘｘ䨻䨻䨻䨻䨻䨻䨻䨻䨻䨻䨻䨻䨻䨻䨻䨻䨻䨻䨻䨻䨻䨻䨻䨻䨻䨻ｘｘｘｘｘｘ
䨻䨻䨻䨻䨻ｘｘ䨻ｘｘｘ䨻䨻ｘｘｘｘ䨻䨻䨻䨻䨻䨻䨻䨻䨻䨻䨻䨻䨻䨻䨻䨻䨻䨻䨻䨻䨻䨻䨻䨻䨻䨻ｘｘｘｘｘｘｘｘｘｘｘｘｘｘｘｘｘｘｘｘｘｘｘｘｘｘ䨻䨻䨻䨻䨻䨻䨻䨻䨻䨻䨻䨻䨻䨻䨻䨻䨻䨻䨻䨻䨻䨻䨻䨻䨻䨻ｘｘｘｘｘ
䨻ｘｘｘ䨻ｘｘ䨻䨻ｘｘｘ䨻ｘｘｘ䨻䨻䨻䨻䨻䨻䨻䨻䨻䨻䨻䨻䨻䨻䨻䨻䨻䨻䨻䨻䨻䨻䨻䨻䨻䨻ｘｘｘｘｘｘｘｘｘｘｘｘｘｘｘｘｘｘｘｘｘｘｘｘｘｘｘｘ䨻䨻䨻䨻䨻䨻䨻䨻䨻䨻䨻䨻䨻䨻䨻䨻䨻䨻䨻䨻䨻䨻䨻䨻䨻䨻ｘｘｘｘ
䨻ｘｘｘ䨻ｘｘｘ䨻ｘｘｘｘｘｘ䨻䨻䨻䨻䨻ｘｘｘｘｘｘｘｘｘｘ䨻䨻䨻䨻䨻䨻䨻䨻䨻䨻䨻ｘｘｘｘｘｘｘｘ䨻䨻䨻䨻䨻䨻䨻䨻䨻䨻䨻䨻䨻䨻ｘｘｘｘｘｘｘｘ䨻䨻䨻䨻䨻䨻䨻䨻䨻䨻䨻ｘｘｘｘｘｘｘｘｘｘ䨻䨻䨻䨻䨻ｘｘｘ
䨻ｘｘｘ䨻ｘｘｘ䨻䨻ｘｘｘｘ䨻䨻ｘｘｘｘｘｘｘｘｘｘｘｘｘｘｘｘｘｘｘ䨻䨻䨻䨻䨻䨻ｘｘｘｘ䨻䨻䨻䨻䨻ｘｘｘｘｘ䨻䨻ｘｘｘｘｘ䨻䨻䨻䨻䨻ｘｘｘｘ䨻䨻䨻䨻䨻䨻ｘｘｘｘｘ䨻䨻䨻ｘｘｘｘｘｘｘｘｘｘｘ䨻䨻ｘｘ
䨻ｘｘｘ䨻ｘｘｘｘｘｘｘｘｘ䨻ｘｘｘｘｘｘｘｘｘｘｘｘｘｘｘｘｘｘｘｘｘｘｘｘｘ䨻䨻䨻䨻䨻䨻ｘｘｘｘｘｘｘｘｘ䨻䨻ｘｘｘｘｘｘ䨻䨻䨻䨻䨻䨻䨻ｘｘｘｘｘｘｘ䨻䨻䨻䨻䨻䨻䨻䨻䨻ｘｘｘｘｘｘｘｘｘｘｘｘｘｘ
䨻ｘｘｘｘｘｘｘｘｘｘｘｘｘｘｘｘｘｘｘｘｘｘｘｘｘｘｘｘｘｘｘｘｘｘｘｘｘｘｘｘｘｘｘｘｘｘｘｘｘｘｘｘｘｘ䨻䨻ｘｘｘｘｘ䨻䨻䨻䨻䨻䨻䨻䨻䨻䨻䨻䨻䨻䨻䨻䨻䨻䨻䨻䨻䨻䨻䨻䨻䨻䨻ｘｘｘｘｘｘｘｘｘｘｘｘ
ｘｘｘｘｘｘｘｘｘｘｘｘｘｘｘｘｘｘｘｘｘｘｘｘｘｘｘｘｘｘｘｘｘｘｘｘｘｘｘｘｘｘｘｘｘｘｘｘｘｘｘｘｘｘｘ䨻䨻ｘｘｘｘ䨻䨻䨻䨻䨻䨻䨻䨻䨻䨻䨻䨻䨻䨻䨻䨻䨻䨻䨻䨻䨻䨻䨻䨻ｘｘ䨻ｘｘｘｘｘｘｘｘｘｘｘｘ
ｘｘｘｘｘｘｘｘｘｘｘｘｘｘｘｘｘｘｘｘｘｘｘｘｘｘｘｘ䨻䨻䨻䨻ｘｘｘｘｘｘｘｘｘｘｘ䨻䨻䨻䨻䨻䨻ｘｘｘｘｘｘ䨻䨻ｘｘｘ䨻䨻䨻䨻䨻䨻䨻䨻䨻䨻䨻ｘｘｘｘ䨻䨻䨻ｘｘ䨻䨻䨻䨻䨻䨻ｘｘｘｘｘｘｘｘｘｘｘｘｘｘ
ｘｘｘｘｘｘｘｘｘｘｘｘｘｘｘｘｘｘｘｘｘｘｘｘｘｘｘ䨻䨻䨻䨻䨻䨻䨻䨻ｘｘｘｘｘｘｘ䨻䨻ｘｘｘｘ䨻䨻ｘｘｘｘｘ䨻䨻ｘｘｘ䨻䨻䨻䨻䨻䨻䨻䨻䨻ｘｘｘｘｘｘｘｘ䨻䨻ｘｘｘ䨻䨻䨻䨻䨻ｘｘｘｘｘｘｘｘｘｘｘｘｘ
ｘｘｘｘｘｘｘｘｘｘｘｘｘｘｘｘｘｘｘｘｘｘｘｘｘｘ䨻䨻䨻䨻䨻䨻䨻䨻䨻䨻ｘｘｘｘｘ䨻䨻䨻ｘｘｘｘ䨻䨻䨻ｘｘｘｘ䨻䨻ｘｘ䨻䨻ｘ䨻䨻䨻䨻䨻䨻ｘｘｘｘｘｘｘｘｘｘｘｘｘｘ䨻䨻䨻䨻ｘｘｘｘｘｘｘｘｘｘｘｘｘｘ
䨻䨻䨻䨻ｘｘｘ䨻䨻䨻䨻䨻䨻䨻ｘｘｘｘｘｘｘｘｘｘｘ䨻䨻䨻䨻䨻䨻䨻䨻䨻䨻䨻䨻䨻ｘｘ䨻䨻䨻䨻䨻ｘ䨻䨻䨻䨻䨻䨻ｘｘｘ䨻䨻ｘｘｘｘｘ䨻䨻䨻䨻䨻ｘｘｘ䨻䨻ｘｘｘｘ䨻䨻ｘｘｘｘ䨻䨻䨻䨻䨻ｘｘｘｘｘｘｘｘｘｘｘｘｘ
ｘｘｘｘｘｘ䨻䨻ｘｘｘｘｘ䨻䨻ｘｘｘｘｘｘｘｘｘｘ䨻䨻䨻䨻ｘｘｘｘ䨻䨻ｘｘｘｘｘ䨻ｘｘ䨻䨻䨻䨻䨻䨻ｘｘ䨻ｘｘｘ䨻䨻ｘｘｘｘ䨻䨻䨻䨻䨻䨻ｘ䨻䨻䨻䨻ｘｘ䨻䨻䨻䨻䨻䨻ｘｘｘ䨻䨻䨻䨻䨻ｘｘｘｘｘｘｘｘｘｘｘｘ
䨻䨻䨻䨻䨻䨻䨻ｘｘ䨻䨻䨻䨻䨻䨻䨻䨻ｘｘｘｘｘｘｘ䨻䨻䨻䨻ｘ䨻ｘ䨻ｘ䨻䨻䨻ｘｘｘｘ䨻ｘｘｘ䨻䨻䨻䨻ｘｘｘ䨻ｘｘｘ䨻䨻ｘｘｘ䨻䨻䨻䨻䨻䨻ｘ䨻䨻ｘｘｘｘｘ䨻䨻ｘｘｘ䨻䨻ｘｘ䨻䨻䨻䨻䨻ｘｘｘｘｘｘｘｘｘｘｘｘ
䨻䨻䨻䨻䨻䨻ｘｘ䨻䨻ｘｘｘｘｘｘ䨻䨻ｘｘｘｘｘｘ䨻䨻䨻䨻ｘｘｘｘｘ䨻䨻䨻䨻䨻ｘｘ䨻ｘｘｘ䨻䨻䨻䨻ｘｘｘ䨻ｘｘｘ䨻䨻ｘｘ䨻䨻䨻䨻䨻䨻䨻ｘ䨻ｘｘｘｘｘｘ䨻ｘｘｘｘｘ䨻ｘｘ䨻䨻䨻䨻䨻ｘｘｘｘｘｘｘｘｘｘｘｘ
ｘｘｘｘ䨻䨻ｘ䨻䨻ｘ䨻䨻䨻䨻䨻䨻ｘ䨻䨻ｘｘｘｘｘ䨻䨻䨻䨻ｘ䨻ｘ䨻ｘ䨻䨻䨻ｘ䨻䨻ｘ䨻ｘｘ䨻䨻䨻䨻䨻䨻ｘｘ䨻ｘｘｘ䨻䨻ｘｘ䨻䨻䨻䨻䨻䨻䨻ｘｘｘｘ䨻ｘｘｘ䨻ｘｘ䨻ｘｘｘｘ䨻䨻䨻䨻䨻䨻ｘｘｘｘｘｘｘｘｘｘｘｘ
䨻䨻䨻䨻䨻ｘ䨻䨻ｘ䨻䨻ｘｘｘ䨻䨻䨻ｘ䨻䨻ｘｘｘｘｘ䨻䨻䨻ｘ䨻䨻䨻ｘ䨻䨻䨻䨻ｘｘｘ䨻䨻䨻䨻䨻ｘｘ䨻䨻䨻䨻䨻ｘｘｘ䨻䨻ｘｘ䨻䨻䨻䨻ｘ䨻䨻ｘｘｘｘｘｘｘｘ䨻䨻ｘｘｘｘｘｘ䨻䨻ｘ䨻䨻䨻ｘｘｘｘｘｘｘｘｘｘｘｘ
ｘｘｘｘ䨻ｘ䨻ｘｘ䨻ｘｘｘｘ䨻䨻䨻䨻ｘ䨻䨻ｘｘｘｘ䨻䨻䨻䨻ｘｘｘ䨻䨻䨻䨻䨻䨻ｘｘｘ䨻䨻䨻ｘｘｘｘ䨻䨻䨻ｘｘｘｘ䨻䨻ｘｘ䨻䨻䨻䨻ｘ䨻䨻ｘｘｘｘｘｘｘｘ䨻䨻ｘｘｘｘｘｘ䨻ｘｘ䨻䨻䨻䨻ｘｘｘｘｘｘｘｘｘｘｘ
ｘｘｘ䨻䨻䨻ｘｘ䨻䨻ｘ䨻ｘ䨻ｘ䨻䨻䨻䨻ｘ䨻ｘｘｘｘ䨻䨻䨻䨻䨻䨻䨻䨻䨻䨻䨻䨻䨻䨻ｘｘｘ䨻䨻ｘｘｘｘ䨻䨻ｘｘｘｘｘ䨻䨻ｘｘ䨻䨻䨻ｘｘ䨻䨻ｘｘｘｘｘｘ䨻䨻ｘ䨻ｘｘｘｘｘｘ䨻ｘｘ䨻䨻䨻䨻ｘｘｘｘｘｘｘｘｘｘｘ
ｘｘ䨻䨻ｘｘｘ䨻䨻䨻ｘｘｘｘｘ䨻䨻䨻䨻ｘ䨻ｘｘｘｘｘ䨻䨻䨻䨻ｘｘ䨻䨻䨻䨻䨻ｘ䨻䨻ｘｘｘ䨻䨻䨻䨻䨻䨻ｘｘｘｘｘｘ䨻䨻ｘｘ䨻䨻䨻ｘｘｘｘｘｘｘｘｘｘ䨻ｘｘ䨻ｘｘｘｘｘｘｘｘｘ䨻䨻䨻䨻ｘｘｘｘｘｘｘｘｘｘｘ
ｘｘ䨻ｘｘ䨻䨻䨻䨻䨻ｘ䨻䨻䨻䨻䨻䨻䨻䨻䨻ｘｘｘｘｘｘ䨻䨻䨻䨻䨻ｘｘ䨻䨻䨻䨻䨻ｘｘｘ䨻䨻ｘｘｘｘｘｘｘｘｘｘｘｘ䨻䨻ｘｘ䨻䨻䨻ｘｘｘｘｘｘｘｘｘｘ䨻䨻䨻䨻ｘｘｘｘｘｘｘｘｘ䨻䨻䨻䨻ｘｘｘｘｘｘｘｘｘｘｘ
ｘｘ䨻ｘ䨻䨻䨻䨻䨻䨻ｘ䨻ｘｘｘ䨻䨻䨻䨻ｘｘｘｘｘｘ䨻䨻ｘ䨻䨻䨻䨻ｘｘ䨻ｘ䨻䨻䨻ｘｘ䨻ｘ䨻䨻䨻䨻ｘｘｘｘｘｘｘｘ䨻䨻ｘｘｘ䨻䨻䨻ｘ䨻ｘｘｘｘｘｘｘｘｘｘｘｘｘｘｘｘｘｘ䨻ｘ䨻䨻䨻ｘｘｘｘｘｘｘｘｘｘｘｘ
ｘｘ䨻ｘ䨻䨻䨻䨻ｘｘｘｘ䨻䨻ｘ䨻䨻䨻ｘｘｘｘｘｘ䨻䨻ｘｘｘ䨻ｘ䨻ｘｘ䨻ｘ䨻䨻䨻ｘ䨻䨻ｘｘｘｘ䨻ｘｘｘｘｘｘｘｘ䨻䨻ｘｘｘｘ䨻䨻䨻䨻ｘｘ䨻䨻䨻䨻䨻䨻䨻䨻䨻䨻䨻䨻䨻ｘｘｘ䨻䨻䨻䨻ｘｘｘｘｘｘｘｘｘｘｘｘｘ
ｘｘ䨻䨻ｘ䨻䨻䨻䨻ｘｘｘｘ䨻ｘｘ䨻ｘｘｘｘｘｘｘ䨻ｘｘｘｘ䨻ｘｘｘｘ䨻ｘｘ䨻䨻䨻䨻ｘｘｘｘ䨻䨻ｘｘｘｘｘ䨻䨻䨻䨻䨻䨻䨻ｘｘｘ䨻䨻䨻ｘｘ䨻䨻䨻ｘｘｘｘｘｘｘｘ䨻䨻ｘｘ䨻䨻ｘｘｘｘｘｘｘｘｘｘｘｘｘｘｘｘ
ｘｘｘ䨻䨻䨻ｘｘ䨻䨻䨻䨻䨻䨻ｘｘ䨻ｘｘｘｘｘｘ䨻ｘｘｘｘ䨻䨻䨻䨻ｘ䨻䨻䨻ｘｘ䨻䨻ｘｘ䨻䨻䨻ｘｘｘｘｘｘ䨻䨻ｘｘ䨻䨻ｘ䨻䨻ｘｘｘｘ䨻ｘｘｘ䨻䨻䨻䨻䨻䨻䨻䨻䨻䨻䨻䨻ｘｘ䨻䨻ｘｘｘｘｘｘｘｘｘｘｘｘｘｘｘｘ
ｘｘ䨻䨻ｘｘｘｘ䨻䨻ｘｘｘ䨻䨻ｘ䨻䨻ｘｘｘｘ䨻ｘｘｘ䨻䨻䨻䨻䨻䨻䨻䨻䨻䨻䨻ｘｘｘｘ䨻䨻ｘｘｘｘｘｘｘ䨻䨻ｘｘｘ䨻䨻ｘｘ䨻䨻ｘｘｘ䨻䨻ｘｘｘ䨻䨻䨻䨻䨻䨻䨻䨻䨻䨻ｘｘｘ䨻ｘｘｘｘ䨻䨻䨻ｘｘｘ䨻䨻䨻ｘｘｘｘ
ｘ䨻䨻ｘｘｘｘｘ䨻䨻ｘｘｘ䨻䨻ｘｘ䨻䨻ｘｘ䨻䨻ｘｘ䨻䨻ｘ䨻䨻䨻䨻䨻䨻䨻䨻䨻䨻ｘｘ䨻䨻ｘｘｘｘｘｘｘｘ䨻䨻ｘ䨻䨻䨻䨻䨻ｘｘ䨻ｘｘｘ䨻䨻ｘｘｘｘ䨻䨻䨻䨻䨻䨻䨻䨻ｘｘｘｘ䨻ｘｘｘｘ䨻ｘ䨻ｘｘｘ䨻ｘ䨻ｘｘｘｘ
䨻䨻ｘｘｘｘ䨻䨻䨻䨻䨻䨻䨻䨻䨻ｘｘｘ䨻ｘｘ䨻ｘｘ䨻䨻ｘｘ䨻ｘｘｘｘｘ䨻ｘ䨻䨻䨻䨻䨻ｘｘｘｘｘｘｘｘ䨻䨻ｘｘｘｘ䨻䨻䨻䨻䨻䨻ｘｘｘｘ䨻ｘｘｘｘｘ䨻䨻䨻䨻䨻䨻ｘｘｘｘ䨻䨻ｘｘｘｘ䨻ｘ䨻ｘｘｘ䨻ｘ䨻ｘｘｘｘ
䨻ｘｘｘｘ䨻䨻䨻䨻䨻䨻䨻䨻䨻䨻ｘｘｘ䨻䨻ｘ䨻䨻ｘｘ䨻䨻ｘ䨻ｘｘｘｘ䨻䨻ｘｘｘｘｘｘｘｘｘｘｘｘｘｘ䨻䨻ｘｘｘｘｘｘｘｘｘ䨻䨻ｘｘｘ䨻䨻ｘｘｘｘｘｘｘｘｘｘｘｘｘｘ䨻ｘｘｘｘｘ䨻ｘ䨻䨻ｘ䨻䨻ｘ䨻ｘｘｘｘ
䨻ｘｘｘｘｘ䨻䨻䨻䨻䨻䨻䨻䨻䨻䨻ｘｘｘ䨻ｘｘ䨻䨻ｘｘ䨻䨻䨻ｘｘｘｘ䨻䨻ｘｘｘｘｘｘｘｘｘｘｘｘｘｘ䨻ｘｘｘｘｘｘｘｘｘｘｘ䨻ｘｘｘｘ䨻䨻ｘｘｘｘｘｘｘｘｘｘｘｘ䨻䨻ｘｘｘｘｘ䨻ｘｘ䨻ｘ䨻ｘｘ䨻ｘｘｘｘ
䨻䨻ｘｘｘｘｘ䨻䨻䨻䨻䨻䨻䨻䨻䨻ｘｘｘ䨻ｘｘｘ䨻䨻ｘｘｘ䨻ｘｘ䨻ｘ䨻䨻ｘｘｘｘｘｘｘｘｘｘｘｘｘｘ䨻ｘｘｘｘｘ䨻䨻䨻䨻䨻䨻䨻ｘｘｘｘ䨻䨻䨻ｘｘｘｘｘｘｘｘｘｘ䨻䨻䨻ｘｘｘｘｘ䨻䨻ｘ䨻ｘ䨻ｘ䨻䨻ｘｘｘｘ
ｘ䨻䨻䨻䨻ｘｘｘ䨻䨻䨻䨻䨻䨻䨻䨻䨻䨻䨻䨻ｘｘｘｘ䨻ｘｘ䨻ｘｘｘｘｘｘ䨻䨻ｘｘｘｘｘｘｘｘｘｘｘｘｘ䨻ｘｘｘｘｘｘｘｘｘｘｘ䨻ｘｘｘｘ䨻ｘ䨻䨻䨻ｘｘｘｘｘｘ䨻䨻䨻䨻䨻ｘｘｘｘｘｘ䨻ｘ䨻䨻䨻ｘ䨻䨻䨻䨻ｘｘ
ｘｘｘｘ䨻䨻ｘｘｘ䨻䨻䨻䨻䨻䨻䨻䨻ｘｘｘｘｘｘｘ䨻ｘｘ䨻䨻䨻䨻䨻䨻䨻䨻䨻䨻ｘｘｘｘｘｘｘｘｘｘｘｘ䨻ｘｘｘｘｘｘｘｘｘｘｘ䨻ｘｘｘｘ䨻ｘｘｘ䨻䨻䨻䨻䨻䨻䨻䨻ｘｘ䨻䨻ｘｘｘｘｘｘ䨻ｘｘ䨻ｘｘ䨻ｘｘ䨻䨻䨻
ｘｘｘｘ䨻䨻ｘｘｘｘ䨻䨻䨻䨻䨻䨻䨻䨻ｘｘｘｘｘｘ䨻䨻ｘ䨻䨻䨻䨻䨻䨻䨻ｘｘ䨻䨻ｘｘｘｘｘｘｘｘｘｘｘ䨻䨻ｘｘｘｘｘ䨻䨻䨻䨻䨻䨻ｘｘ䨻䨻䨻ｘｘｘｘｘｘｘｘｘｘｘｘｘ䨻䨻䨻䨻䨻䨻ｘｘ䨻ｘｘ䨻ｘ䨻䨻ｘｘ䨻ｘｘ
ｘｘｘ䨻䨻䨻ｘｘｘｘｘ䨻䨻䨻䨻䨻䨻䨻䨻ｘｘｘｘｘｘ䨻䨻䨻䨻䨻䨻䨻䨻ｘｘｘｘ䨻ｘｘｘｘｘｘｘｘｘｘｘｘ䨻ｘｘｘｘｘｘｘｘｘ䨻䨻䨻䨻䨻䨻䨻ｘｘｘｘｘｘｘｘｘｘｘｘｘ䨻䨻䨻䨻䨻䨻䨻䨻䨻ｘ䨻䨻䨻䨻ｘｘ䨻䨻ｘｘ
ｘｘｘ䨻䨻䨻ｘｘｘ䨻䨻䨻䨻䨻䨻䨻䨻䨻䨻ｘｘｘｘｘｘｘ䨻ｘｘｘｘ䨻䨻ｘｘｘｘ䨻䨻ｘｘｘｘｘｘｘｘｘｘｘ䨻䨻ｘｘｘｘｘｘｘ䨻䨻䨻䨻䨻䨻䨻䨻ｘｘｘｘｘｘｘｘｘｘｘｘｘ䨻䨻䨻䨻䨻䨻䨻ｘ䨻䨻䨻ｘｘ䨻ｘｘ䨻ｘｘ䨻
ｘｘ䨻䨻䨻䨻ｘｘｘ䨻䨻䨻䨻䨻䨻䨻䨻䨻䨻䨻䨻䨻䨻䨻䨻䨻䨻ｘｘｘｘ䨻䨻䨻ｘｘｘｘ䨻䨻䨻䨻䨻䨻䨻䨻䨻䨻䨻䨻䨻䨻ｘｘｘ䨻䨻䨻䨻䨻䨻䨻䨻䨻䨻䨻䨻䨻ｘｘｘｘｘｘｘｘｘｘｘ䨻䨻䨻䨻䨻䨻䨻ｘ䨻䨻ｘｘｘ䨻䨻ｘ䨻䨻ｘ䨻䨻
ｘ䨻䨻䨻䨻䨻䨻䨻ｘ䨻䨻䨻䨻䨻䨻䨻䨻䨻䨻䨻䨻ｘｘｘｘｘｘ䨻ｘｘｘ䨻ｘ䨻䨻ｘｘｘ䨻䨻ｘｘｘｘｘｘｘｘｘｘ䨻䨻ｘｘｘ䨻䨻䨻ｘｘｘｘ䨻䨻䨻䨻䨻䨻䨻ｘｘｘｘｘｘｘｘｘｘ䨻䨻䨻䨻䨻䨻ｘｘ䨻䨻ｘ䨻䨻䨻䨻䨻䨻䨻ｘ䨻䨻
ｘ䨻䨻䨻䨻䨻䨻䨻䨻䨻䨻䨻䨻䨻䨻䨻䨻䨻䨻䨻䨻ｘ䨻䨻䨻䨻䨻䨻ｘｘｘ䨻䨻䨻䨻ｘｘｘ䨻䨻䨻䨻䨻䨻䨻䨻䨻䨻䨻䨻䨻ｘｘｘｘ䨻䨻ｘｘｘｘｘ䨻䨻䨻䨻䨻䨻䨻䨻ｘｘｘｘｘｘｘ䨻䨻䨻䨻䨻䨻䨻䨻ｘｘ䨻䨻ｘ䨻ｘｘｘｘｘ䨻䨻ｘ䨻
ｘ䨻䨻䨻䨻䨻䨻䨻䨻䨻䨻䨻䨻䨻䨻䨻䨻䨻䨻䨻䨻ｘｘｘｘｘｘ䨻ｘｘｘ䨻ｘｘ䨻䨻ｘｘｘ䨻ｘｘｘｘｘｘｘｘｘ䨻ｘｘｘｘｘ䨻䨻ｘｘｘｘｘ䨻䨻䨻䨻䨻䨻䨻䨻䨻䨻䨻䨻䨻䨻䨻䨻䨻䨻䨻䨻䨻䨻䨻ｘｘ䨻䨻ｘｘｘ䨻䨻ｘｘｘｘｘ䨻
ｘｘ䨻䨻䨻䨻ｘｘｘｘｘ䨻䨻ｘｘ䨻䨻䨻ｘｘｘ䨻䨻䨻䨻䨻䨻䨻ｘｘｘ䨻䨻䨻䨻䨻ｘｘｘ䨻䨻䨻䨻䨻䨻䨻䨻䨻䨻䨻ｘｘｘｘｘ䨻䨻ｘｘｘｘｘｘ䨻䨻䨻䨻䨻䨻䨻䨻䨻䨻䨻䨻䨻䨻䨻䨻䨻䨻䨻䨻䨻ｘｘｘ䨻䨻ｘｘｘｘ䨻䨻ｘｘｘ䨻䨻
ｘｘｘｘｘ䨻ｘｘｘｘｘ䨻ｘｘｘ䨻ｘｘｘｘｘｘｘｘｘｘｘ䨻ｘｘｘ䨻ｘｘｘ䨻ｘｘ䨻䨻ｘｘｘｘｘｘｘｘ䨻ｘｘｘｘｘｘ䨻䨻ｘｘｘｘｘｘ䨻䨻䨻䨻䨻䨻䨻䨻䨻䨻䨻䨻䨻䨻䨻䨻䨻䨻䨻䨻䨻ｘｘｘ䨻䨻䨻ｘｘｘｘ䨻ｘｘｘ䨻䨻
ｘｘｘｘｘ䨻ｘｘｘｘｘ䨻ｘｘｘ䨻ｘｘｘｘｘｘｘｘｘｘｘ䨻ｘｘｘ䨻ｘｘｘ䨻ｘｘ䨻ｘｘｘｘｘｘｘｘｘ䨻ｘｘｘｘｘｘ䨻䨻ｘｘｘｘｘｘｘ䨻䨻䨻䨻䨻䨻䨻䨻䨻䨻䨻䨻䨻䨻䨻䨻䨻䨻䨻ｘｘｘｘｘ䨻䨻䨻ｘｘｘ䨻ｘｘ䨻䨻ｘ
䨻䨻䨻䨻䨻䨻ｘｘｘｘｘ䨻ｘｘ䨻䨻䨻䨻䨻䨻䨻䨻䨻䨻䨻䨻䨻䨻ｘｘ䨻䨻䨻䨻䨻䨻ｘｘ䨻䨻䨻䨻䨻䨻䨻䨻䨻䨻䨻ｘｘｘｘｘｘ䨻䨻ｘｘｘｘｘｘｘ䨻䨻䨻䨻䨻䨻䨻䨻䨻䨻䨻䨻䨻䨻䨻䨻䨻䨻䨻ｘｘｘｘｘｘ䨻䨻䨻䨻䨻䨻ｘ䨻䨻ｘｘ
䨻䨻䨻䨻䨻䨻ｘｘｘｘ䨻ｘｘｘ䨻䨻䨻䨻䨻䨻䨻䨻䨻䨻䨻䨻䨻䨻ｘｘ䨻䨻䨻䨻䨻䨻ｘｘ䨻䨻䨻䨻䨻䨻䨻䨻䨻䨻ｘｘｘｘｘｘ䨻䨻䨻ｘｘｘ䨻䨻䨻ｘ䨻䨻䨻䨻䨻䨻䨻䨻䨻䨻䨻䨻䨻䨻䨻䨻䨻䨻䨻ｘｘｘｘｘｘｘ䨻䨻ｘｘｘ䨻䨻䨻ｘｘ
䨻䨻䨻䨻䨻䨻ｘｘｘｘ䨻ｘｘ䨻䨻䨻䨻䨻䨻䨻䨻䨻䨻䨻䨻䨻䨻䨻ｘｘ䨻䨻䨻䨻䨻䨻ｘｘ䨻䨻䨻䨻䨻䨻䨻䨻䨻ｘｘｘｘｘｘｘ䨻ｘ䨻ｘｘｘ䨻ｘ䨻ｘ䨻䨻䨻䨻䨻䨻䨻䨻䨻䨻䨻䨻䨻䨻䨻䨻䨻䨻䨻ｘｘｘｘｘｘｘ䨻ｘｘｘｘｘ䨻䨻ｘｘ
䨻䨻䨻䨻䨻䨻ｘｘｘ䨻䨻ｘｘ䨻䨻䨻䨻䨻䨻䨻䨻䨻䨻䨻䨻䨻䨻䨻ｘｘ䨻䨻䨻䨻䨻䨻ｘｘ䨻䨻䨻䨻䨻䨻䨻䨻䨻ｘｘｘｘｘｘｘ䨻ｘ䨻ｘｘｘ䨻ｘ䨻ｘ䨻䨻䨻䨻䨻䨻䨻䨻䨻䨻䨻䨻䨻䨻䨻䨻䨻䨻䨻ｘ䨻ｘｘｘｘｘ䨻ｘｘｘｘｘ䨻䨻䨻ｘ
䨻䨻䨻䨻䨻䨻ｘｘｘ䨻ｘｘｘ䨻䨻䨻䨻䨻䨻䨻䨻䨻䨻䨻䨻䨻䨻䨻ｘｘ䨻䨻䨻䨻䨻䨻ｘｘ䨻䨻䨻䨻䨻䨻䨻䨻䨻ｘｘｘｘｘｘｘ䨻ｘ䨻䨻ｘ䨻䨻ｘ䨻ｘ䨻䨻䨻䨻䨻䨻䨻䨻䨻䨻䨻䨻䨻䨻䨻䨻䨻䨻䨻ｘ䨻ｘｘｘｘｘ䨻ｘｘｘｘｘｘ䨻䨻ｘ
䨻䨻䨻䨻䨻䨻ｘｘｘ䨻ｘｘｘ䨻䨻䨻䨻䨻䨻䨻䨻䨻䨻䨻䨻䨻䨻䨻ｘｘ䨻䨻䨻䨻䨻䨻ｘｘ䨻䨻䨻䨻䨻䨻䨻䨻ｘｘｘｘｘｘｘｘ䨻ｘｘ䨻䨻䨻ｘｘ䨻ｘ䨻䨻䨻䨻䨻䨻䨻䨻䨻䨻䨻䨻䨻䨻䨻䨻䨻䨻䨻ｘ䨻䨻ｘｘｘｘ䨻ｘｘｘｘｘｘ䨻䨻ｘ
䨻䨻䨻䨻䨻ｘｘｘｘ䨻ｘｘｘ䨻䨻䨻䨻䨻䨻䨻䨻䨻䨻䨻䨻䨻䨻䨻ｘｘ䨻䨻䨻䨻䨻䨻䨻ｘ䨻䨻䨻䨻䨻䨻䨻䨻ｘｘｘｘｘｘｘ䨻䨻䨻ｘｘｘｘｘ䨻䨻ｘ䨻䨻䨻䨻䨻䨻䨻䨻䨻䨻䨻䨻䨻䨻䨻䨻䨻䨻䨻ｘｘ䨻ｘｘｘｘ䨻ｘｘｘｘｘｘｘ䨻䨻
ｘｘｘｘ䨻ｘｘｘｘ䨻ｘｘｘ䨻ｘｘｘｘｘｘｘｘｘｘｘｘｘ䨻ｘｘ䨻ｘｘｘｘｘ䨻ｘ䨻䨻ｘｘｘｘｘ䨻ｘｘｘｘｘｘ䨻䨻䨻䨻䨻䨻䨻䨻䨻䨻ｘｘ䨻䨻䨻䨻䨻䨻䨻䨻䨻䨻䨻䨻䨻䨻䨻䨻䨻䨻䨻ｘｘ䨻ｘｘｘｘ䨻ｘｘｘｘｘｘｘ䨻䨻
ｘｘｘｘ䨻ｘｘｘｘ䨻ｘｘｘ䨻ｘｘｘｘｘｘｘｘｘｘｘｘｘ䨻䨻ｘ䨻ｘｘｘｘｘ䨻ｘｘ䨻䨻ｘｘｘｘ䨻ｘｘｘｘｘ䨻䨻ｘｘｘｘｘ䨻ｘｘｘｘｘ䨻䨻䨻䨻䨻䨻䨻䨻䨻䨻䨻䨻䨻䨻䨻䨻䨻䨻䨻ｘｘ䨻䨻ｘｘｘ䨻ｘｘｘｘｘｘｘｘ䨻
ｘｘｘｘ䨻ｘｘｘｘ䨻ｘｘｘ䨻ｘｘｘｘｘｘｘｘｘｘｘｘｘｘ䨻ｘ䨻䨻ｘｘｘｘ䨻ｘｘｘ䨻䨻ｘｘｘ䨻ｘｘｘｘｘ䨻ｘｘｘｘｘ䨻䨻ｘｘｘｘｘ䨻䨻䨻䨻䨻䨻䨻䨻䨻䨻䨻䨻䨻䨻䨻䨻䨻䨻䨻ｘｘｘ䨻䨻ｘｘ䨻ｘｘｘｘｘｘｘｘ䨻
ｘｘｘｘ䨻ｘｘｘｘ䨻ｘｘｘ䨻ｘｘｘｘｘｘｘｘｘｘｘｘｘｘ䨻ｘｘ䨻䨻ｘｘｘ䨻䨻䨻ｘｘ䨻䨻ｘｘ䨻ｘｘｘｘｘｘｘｘｘｘ䨻䨻䨻䨻ｘｘｘ䨻䨻䨻䨻䨻䨻䨻䨻䨻䨻䨻䨻䨻䨻䨻䨻䨻䨻䨻䨻䨻ｘｘ䨻䨻ｘｘ䨻ｘｘｘｘｘｘｘｘ䨻
ｘｘｘｘ䨻ｘｘｘｘ䨻ｘｘｘ䨻䨻ｘｘｘｘｘｘｘｘｘｘｘｘｘ䨻ｘｘｘ䨻䨻ｘｘｘｘ䨻䨻䨻䨻䨻䨻䨻䨻䨻ｘｘｘｘｘｘｘｘ䨻䨻䨻䨻䨻䨻䨻䨻䨻䨻䨻䨻䨻䨻䨻䨻䨻䨻䨻䨻䨻䨻䨻䨻䨻䨻䨻䨻䨻䨻ｘ䨻䨻䨻ｘ䨻ｘｘｘｘｘｘｘ䨻䨻
ｘｘｘｘ䨻ｘｘｘｘ䨻ｘｘｘｘ䨻䨻䨻䨻ｘｘｘｘｘｘｘｘｘｘ䨻䨻䨻ｘｘ䨻䨻䨻ｘｘｘｘ䨻䨻䨻䨻䨻䨻䨻䨻ｘｘｘｘｘｘ䨻䨻ｘｘ䨻䨻䨻䨻䨻䨻䨻䨻䨻䨻䨻䨻䨻䨻䨻䨻䨻䨻䨻䨻䨻䨻䨻䨻䨻䨻䨻䨻䨻䨻䨻䨻䨻ｘｘｘｘｘｘｘ䨻䨻
ｘｘｘｘ䨻ｘｘｘｘ䨻䨻ｘｘｘｘｘｘ䨻䨻䨻ｘｘｘｘｘｘｘｘ䨻䨻䨻䨻䨻䨻䨻䨻䨻䨻ｘｘｘ䨻䨻䨻䨻䨻䨻䨻䨻䨻䨻䨻䨻䨻䨻ｘｘｘ䨻䨻䨻䨻䨻䨻䨻䨻䨻䨻䨻䨻䨻䨻䨻䨻䨻䨻䨻䨻䨻䨻䨻䨻䨻䨻䨻䨻䨻䨻ｘ䨻䨻䨻ｘｘｘｘｘ䨻䨻䨻
ｘｘｘｘ䨻䨻ｘｘｘｘ䨻䨻䨻䨻䨻䨻䨻䨻䨻䨻䨻䨻ｘｘｘｘｘｘｘ䨻䨻䨻䨻䨻䨻䨻䨻䨻䨻䨻ｘｘｘｘ䨻䨻䨻䨻䨻䨻ｘｘｘｘｘｘｘｘ䨻䨻䨻䨻䨻䨻䨻䨻䨻䨻䨻䨻䨻䨻䨻䨻䨻䨻䨻䨻䨻䨻䨻䨻䨻䨻䨻䨻䨻䨻ｘｘ䨻䨻ｘｘｘｘ䨻䨻䨻䨻
ｘｘｘｘ䨻䨻ｘｘｘｘｘｘ䨻䨻䨻䨻䨻䨻䨻䨻䨻䨻䨻䨻䨻ｘｘｘｘｘｘ䨻䨻䨻䨻䨻䨻䨻䨻䨻䨻䨻ｘｘｘｘ䨻䨻䨻䨻䨻䨻ｘｘｘｘｘｘ䨻䨻䨻䨻䨻䨻䨻䨻䨻䨻䨻䨻䨻䨻䨻䨻䨻䨻䨻䨻䨻䨻䨻䨻䨻䨻䨻䨻䨻䨻ｘｘｘ䨻䨻ｘｘ䨻䨻䨻䨻䨻
ｘｘｘｘｘ䨻䨻䨻䨻䨻䨻䨻䨻䨻䨻䨻䨻䨻䨻䨻䨻䨻䨻䨻䨻䨻䨻ｘｘｘｘｘｘ䨻䨻䨻䨻䨻䨻䨻䨻䨻䨻䨻䨻䨻䨻䨻䨻䨻䨻䨻䨻䨻ｘｘｘｘ䨻䨻䨻䨻䨻䨻䨻䨻䨻䨻䨻䨻䨻䨻䨻䨻䨻䨻䨻䨻䨻䨻䨻䨻䨻䨻䨻䨻䨻䨻ｘｘｘｘ䨻䨻䨻䨻䨻䨻䨻䨻
